PRACTICE_QGIS(지적전산)/03.래스터/CTOUR_DEM.tif
NCOLS 221
NROWS 278
XLLCORNER 197790.84
YLLCORNER 550053.5
DX 9.9961814
DY 9.9818
NODATA_VALUE -9999
[rows 0 to 30 of 278, columns 140 to 209 of 221]
30 30 30 30 30 30 30 30 30 30 30 30 30 30 30 30 30 30 30 30 30 30 30 30 30 30 30 30 30 30 30 30 30 30 30 30 30 30 29.817086 30 30.099435 30.265279 30.431124 30.596969 30.762813 30.821963 29.299607 27.833084 26.366561 25 25 25 25 25 25 25 25 25 25 25 25 25 25 25 25 25 25 25 25.062223 25.589127
30 30 30 30 30 30 30 30 30 30 30 30 30 30 30 30 30 30 30 30 30 30 30 30 30 30 30 30 30 30 30 30 30 30 30 30 29.661149 29.412591 29.756517 30.054728 31.233879 32.2585 32.424344 32.590189 32.756034 32.24407 30.447478 28.815729 27.243575 25.506316 25 25 25 25 25 25 25 25 25 25 25 25 25 25 25 25 25 25 25 25.219175
29.828209 29.83128 29.834351 29.837422 29.840493 29.843564 29.846635 29.849706 29.852777 30 30 30 30 30 30 30 30 30 30 30 30 30 30 30 30 30 30 30 30 30 30 30 30 30 29.505211 28.999045 29.078416 29.422342 29.766082 30.410171 31.660087 32.885569 33.916094 34.583409 34.91203 34.059625 31.879847 29.670507 27.873112 25.862849 25 25 25 25 25 25 25 25 25 25 25 25 25 25 25 25 25 25 25 25
29.651957 29.655028 29.658099 29.66117 29.664241 29.667312 29.670383 29.673454 29.676525 29.887208 30 30 30 30 30 30 30 30 30 30 30 30 30 30 30 30 30 30 30 30 30 29.855441 29.349274 28.843108 28.400314 28.744241 29.088167 29.44708 29.841949 30.354214 31.73442 33.114625 34.473063 35 35 35 32.877976 30.246269 27.91818 25.630733 25 25 25 25 25 25 25 25 25 25 25 25 25 25 25 25 25 25 25 25
29.475704 29.478775 29.481846 29.484917 29.487988 29.491059 29.49413 29.497201 29.500272 29.750554 29.985453 30 30 30 30 30 30 30 30 30 30 30 30 30 30 30 30 30 30 29.699504 29.193337 28.687171 28.181004 28.066139 28.410066 28.757282 29.152151 29.54702 29.941889 30.295468 31.688987 33.08267 34.476352 35 35 35 32.877267 30.549661 28.185999 25.957302 25 25 25 25 25 25 25 25 25 25 25 25 25 25 25 25 25 25 25 25
29.299452 29.302523 29.305594 29.308665 29.311736 29.314807 29.317878 29.320949 29.366265 29.613261 29.850993 30 30 30 30 30 30 30 30 30 30 30 30 30 30 30 30 29.543567 29.0374 28.531234 28.025067 27.5189 27.731964 28.075266 28.462352 28.857221 29.252091 29.64696 30 30.513525 32.006615 33.370449 34.774686 35 35 34.199226 32.387837 30.576449 28.500411 26.305295 25 25 25 25 25 25 25 25 25 25 25 25 25 25 25 25 25 25 25 25
29.123199 29.12627 29.129341 29.132412 29.135483 29.138554 29.141625 29.144696 29.233147 29.475967 29.718119 29.957791 30 30 30 30 30 30 30 30 30 30 30 30 29.893796 29.38763 28.881463 28.375296 27.86913 27.362963 27.053863 27.397789 27.772554 28.167423 28.562292 28.957161 29.35203 29.746899 30.240886 31.571596 32.879714 34.186165 35 35 35 33.946283 32.377545 30.808806 28.962106 26.978275 25 25 25 25 25 25 25 25 25 25 25 25 25 25 25 25 25 25 25 25
28.946947 28.950018 28.953089 28.95616 28.959231 28.962302 28.965373 28.968444 29.099651 29.338674 29.535876 29.798906 30 30 30 30 30 30 30 30 30 30 29.737859 29.231693 28.725526 28.219359 27.713193 27.207026 26.70086 26.719688 27.082755 27.477624 27.872494 28.267363 28.662232 29.057101 29.323943 29.620777 30.796925 32.627662 34.213838 35 35 35 35 34.382124 33.022145 31.910769 29.671503 27.622152 26.053067 25 25 25 25 25 25 25 25 25 25 25 25 25 25 25 25 25 25 25
28.770694 28.773765 28.776836 28.779907 28.782978 28.786049 28.78912 28.792191 28.966155 29.20138 29.362896 29.640022 29.895429 30 30 30 30 30 30.216608 30 29.581922 29.075755 28.569589 28.063422 27.557256 27.051089 26.544923 26.041587 26.392957 26.787826 27.182695 27.577564 27.943426 28.105377 28.267327 28.429278 28.830701 29.528871 30.637096 32.620187 34.536326 35 35 35 35 35 34.755356 33.465808 30.443042 28.526047 26.890213 25.254379 25 25 25 25 25 25 25 25 25 25 25 25 25 25 25 25 25 25
28.594442 28.597513 28.600584 28.603655 28.606726 28.609797 28.612868 28.615939 28.829188 29.067119 29.206972 29.47899 29.734257 29.97841 30 30 30 30.988997 31.656059 30.540288 29.060069 27.907485 27.401319 26.895152 26.388986 25.882819 25.707412 26.098027 26.492897 26.72486 26.88681 27.048761 27.210712 27.372662 27.547963 28.015388 28.692766 29.294439 30.424582 32.275742 33.574968 34.601511 35 35 35 35 35 35 32.484656 28.925424 27.293901 25.730138 25 25 25 25 25 25 25 25 25 25 25 25 25 25 25 25 25 25
28.418189 28.42126 28.424331 28.427402 28.430473 28.433544 28.436615 28.445051 28.691895 28.934245 29.05013 29.313302 29.532469 29.802213 30 30 30.680159 31.995786 32.974516 32.144653 30.41097 28.517616 27.07645 25.942071 25.220715 25.344343 25.506294 25.668244 25.830195 25.992145 26.154096 26.316046 26.477997 26.626886 27.159008 27.647621 28.305066 29.17416 30.297022 31.729085 32.945137 33.689445 34.443255 35 35 35 35 35 35 29.291731 27.661725 26.717086 25.883881 25.050676 25 25 25 25 25 25 25 25 25 25 25 25 25 25 25 25
28.241937 28.245008 28.248079 28.25115 28.254221 28.257292 28.260363 28.311949 28.554601 28.707239 28.891246 29.149765 29.354546 29.626017 29.897487 30.37132 31.686947 33.002574 34.318201 33.917474 31.963409 29.902371 27.933242 25.788191 25 25 25 25 25.09748 25.259431 25.421381 25.568 25.677944 26.183528 26.563216 27.107917 27.895401 28.942511 30.048781 31.233533 32.117258 32.901575 33.758981 34.711131 35 35 35 35 35 29.649442 28.537238 27.698983 26.679494 25.711877 25 25 25 25 25 25 25 25 25 25 25 25 25 25 25 25
28.065684 28.068755 28.071826 28.074897 28.077968 28.081039 28.08411 28.178598 28.417308 28.460436 28.732361 28.988593 29.17835 29.44982 29.721291 30.162307 31.991701 33.821095 35 35 33.006825 30.869661 28.713044 26.742214 25 25 25 25 25 25 25 25 25.099123 25.478811 26.038266 26.548539 27.635102 28.523608 29.560311 30.54507 31.407006 32.276184 33.287337 34.266586 35 35 35 35 35 29.988041 28.948703 27.909365 27.077063 26.25959 25.442117 25 25 25 25 25 25 25 25 25 25 25 25 25 25 25
27.889432 27.892503 27.895574 27.898645 27.901716 27.904787 27.907858 28.045102 28.283245 28.298434 28.569116 28.736665 29.002153 29.273624 29.543882 29.867738 31.082276 33.137955 35 35 33.127821 31.004476 29.025875 27.183061 25.520569 25 25 25 25 25 25 25 25 25 25.118807 25.987496 26.856185 27.882098 28.903478 29.901456 30.807418 31.694821 32.689414 33.678715 34.767596 35 35 35 35 31.141256 29.259723 28.41474 27.547401 26.680063 25.812725 25 25 25 25 25 25 25 25 25 25 25 25 25 25 25
27.713179 27.71625 27.719321 27.722392 27.725463 27.728534 27.731605 27.907822 28.125406 28.14247 28.404102 28.554487 28.825957 29.097427 29.382887 29.706743 30.260333 32.189094 33.798175 33.694583 32.725585 31.028268 29.229502 27.639451 26.075443 25 25 25 25 25 25 25 25 25 25 25.188762 26.255223 27.469762 28.332394 29.263638 30.082497 30.991412 32.005657 33.164899 34.438722 35 35 34.922187 33.462734 31.513305 29.432145 28.565075 27.698006 26.789426 25.84971 25 25 25 25 25 25 25 25 25 25 25 25 25 25 25
27.536927 27.539998 27.543069 27.54614 27.549211 27.552282 27.555353 27.770529 27.878602 27.983585 28.242929 28.37829 28.649761 28.898035 29.221892 29.550012 29.896537 31.300598 32.641368 32.187482 31.401705 30.615929 29.579902 28.11558 26.680688 25.209928 25 25 25 25 25 25 25 25 25 25.202934 26.18903 27.208453 28.227876 29.247299 30 30.394747 31.69717 33.144389 34.597386 35 35 33.821562 32.250713 30.745985 29.531464 28.54394 27.587828 26.648112 25.708396 25 25 25 25 25 25 25 25 25 25 25 25 25 25 25
27.360674 27.363745 27.366816 27.369887 27.372958 27.376029 27.390735 27.633235 27.631798 27.8247 27.988093 28.202094 28.473564 28.73704 29.060897 29.403319 29.747445 30.335762 31.466157 30.68038 30 30 30 28.840242 27.398262 25.699117 25 25 25 25 25 25 25 25 25 25.262289 26.309954 27.29709 28.211536 29.230959 30 30.328971 32.06157 33.790843 35 35 35 33.849867 32.458459 31.039009 29.735324 28.747799 27.747115 26.711088 25.67506 25 25 25 25 25 25 25 25 25 25 25 25 25 25 25
27.184422 27.187493 27.190564 27.193635 27.196706 27.199777 27.257544 27.499371 27.389895 27.659243 27.754427 28.025897 28.252188 28.576045 28.908993 29.254227 29.58239 29.874629 30 30 30 30 30 29.487914 27.746096 25.925469 25 25 25 25 25 25 25 25 25 25 26.005292 27.148503 28.291713 29.36198 30 31.124485 32.629473 34.134462 35 35 35 34.063053 32.841859 31.772187 29.951146 28.933904 27.915754 26.895976 25.881147 25 25 25 25 25 25 25 25 25 25 25 25 25 25 25
27.008169 27.01124 27.014311 27.017382 27.020453 27.023524 27.123749 27.296769 27.233971 27.497266 27.578231 27.849701 28.091193 28.41505 28.761008 29.09698 29.390759 29.686034 29.990706 30 30 30 30 30 28.234499 26.383297 25 25 25 25 25 25 25 25 25 25 25 26.042216 27.450746 28.969682 30.29154 31.715863 32.929076 33.989406 34.747515 35 35 35 34.329243 32.627767 30.612849 29.216888 28.134318 27.080407 26.034146 25 25 25 25 25 25 25 25 25 25 25 25 25 25 25
26.831917 26.834988 26.838059 26.84113 26.844201 26.847272 26.986456 27.049965 27.075924 27.243502 27.402034 27.640548 27.930199 28.26779 28.60963 28.906889 29.202042 29.507622 29.828045 30 30 30 30 30 28.67614 26.853234 25.10745 25 25 25 25 25 25 25 25 25 25 25.213815 26.977112 28.742456 30.334013 31.445855 32.332244 33.014736 33.728857 34.491836 35 35 35 34.49918 32.005211 29.727797 28.450157 27.009263 25.568369 25 25 25 25 25 25 25 25 25 25 25 25 25 25 25
26.655664 26.658735 26.661806 26.664877 26.667948 26.67102 26.849162 26.803161 26.915057 26.961836 27.225838 27.445347 27.773388 28.118698 28.423019 28.718051 29.024538 29.346795 29.6663 29.974057 30 30 30 30 29.098095 27.43101 25.961898 25 25 25 25 25 25 25 25 25 25 25 26.606874 28.364074 29.923376 30.675082 31.348945 31.995833 32.601691 33.43446 34.576286 35 35 35 32.899195 30.026511 27.887999 26.373474 25 25 25 25 25 25 25 25 25 25 25 25 25 25 25 25
26.479412 26.482483 26.485554 26.488625 26.491696 26.494767 26.714936 26.556358 26.751602 26.778171 27.040284 27.284352 27.62548 27.939149 28.234059 28.541454 28.864203 29.174502 29.319756 29.713681 30 30 30 30 29.647015 28.147424 26.464617 25 25 25 25 25 25 25 25 25 25 25 26.242732 27.613653 29.063529 30 30.365647 30.839287 31.500381 32.526614 33.754744 34.992762 35 35 32.807996 30.517005 27.765411 25.583773 25 25 25 25 25 25 25 25 25 25 25 25 25 25 25 25
26.303159 26.30623 26.309301 26.312372 26.315443 26.33642 26.468132 26.325433 26.498833 26.601974 26.7995 27.132261 27.455908 27.750067 28.05837 28.38161 28.614267 28.759522 28.996129 29.435134 29.699641 29.964148 30 30 30 28.552552 26.638668 25 25 25 25 25 25 25 25 25 25 25 25.230414 26.678028 28.188414 29.423853 30 30 30.478156 31.70035 33.000349 34.253123 35 35 32.895414 30.856531 28.177401 25.011808 25 25 25 25 25 25 25 25 25 25 25 25 25 25 25 25
26.126907 26.129978 26.133049 26.13612 26.139191 26.202383 26.221328 26.168263 26.217245 26.425778 26.638505 26.978525 27.266075 27.578115 27.899018 28.054033 28.199288 28.344542 28.734487 29.049812 29.314319 29.596172 29.896576 30 30 29.009393 27.097472 25.384544 25 25 25 25 25 25 25 25 25 25 25 26.3304 27.724607 29.142462 30 30 30 31.124813 32.501143 33.780201 34.933184 34.629369 32.936295 31.124105 28.605906 25.130828 25 25 25 25 25 25 25 25 25 25 25 25 25 25 25 24.958027
25.950654 25.953725 25.956796 25.959867 25.962939 26.06509 25.974524 26.005938 25.978111 26.153654 26.489951 26.782083 27.09692 27.348544 27.493799 27.639053 27.784308 28.018161 28.399983 28.66449 28.945938 29.099084 29.433398 29.925454 30 29.367519 27.656899 25.916421 25 25 25 25 25 25 25 25 25 25 25 26.080219 27.442156 28.861071 30 30 30 31.025479 32.337153 33.144159 33.873659 33.773229 32.501926 30.965583 28.671318 25.250039 25 25 25 25 25 25 25 25 25 25 25 25 25 24.964174 24.906021 24.847867
25.774402 25.777473 25.780544 25.783615 25.786686 25.886299 25.72772 25.754156 25.801915 25.996733 26.298091 26.614328 26.78831 26.933564 27.078819 27.224073 27.369328 27.750154 28.014661 28.295703 28.437132 28.5708 28.97022 29.163921 30 29.582124 27.719363 25.839836 25 25 25 25 25 25 25 25 25 25 25 25.74185 27.160765 28.57968 29.998596 30 30 30.655098 31.384598 32.114098 32.843598 32.995952 31.837409 30.428421 27.882404 25 25 25 25 25 25 25 25 25 25 25 25 24.970321 24.912167 24.854014 24.795861 24.737707
25.598149 25.60122 25.604291 25.607363 25.610434 25.639495 25.480917 25.472654 25.507807 25.814099 26.082821 26.228075 26.37333 26.518584 26.663839 26.809093 27.038967 27.364832 27.641511 27.77518 27.908848 28.042516 28.310045 28.402388 29.270992 28.894318 27.566423 25.844004 25 25 25 25 25 25 25 25 25 25 25 25.72432 27.008429 28.29829 29.717205 30 30 30 30.354537 31.084037 31.813537 32.209082 31.168706 29.628022 26.509295 25 25 25 25 25 25 25 25 25 25 24.976468 24.918314 24.860161 24.802008 24.743854 24.685701 24.627547
25.438224 25.424968 25.428039 25.43111 25.434181 25.392691 25.260602 25.190988 25.330107 25.522586 25.667841 25.813095 25.95835 26.103604 26.248859 26.394114 26.715003 26.979559 27.113227 27.246896 27.380564 27.54163 27.573288 27.641039 28.270289 27.840342 26.861584 25.882826 25 25 25 25 25 25 25 25 25 25 25 26.096099 27.443026 28.734682 30 30 30 30 30 30.053976 30.783476 31.422212 30.531055 28.168037 25 25 25 25 25 25 25 25 25 24.982615 24.924461 24.866308 24.808154 24.750001 24.691848 24.633694 24.575541 24.517388
25.392824 25.305053 25.251786 25.254858 25.281017 25.145887 25.009479 25 25 25.107606 25.252861 25.398115 25.54337 25.688625 25.833879 26.059773 26.317606 26.451275 26.584943 26.718612 26.85228 27.078451 26.83653 26.897907 27.23044 26.786366 25.807608 25 25 25 25 25 25 25 25 25 25 25 25 25.940631 27.287557 28.626277 29.733503 30 30 30 30 30 30 30.482915 29.699112 26.60519 25 25 25 25 25 25 25 24.988761 24.930608 24.872455 24.814301 24.756148 24.697995 24.639841 24.581688 24.523535 24.465381 24.407228
25.340625 25.253909 25.167193 25.079046 25.057662 25 25 25 25 25 25 25 25.12839 25.273645 25.418899 25.655654 25.789322 25.922991 26.056659 26.190328 26.323996 26.500714 26.168713 25.863288 26.19059 25.732389 25 25 25 25 25 25 25 25 25 25 25 25 25 25.785162 26.880843 27.915735 28.982053 30 30 30 30 30 30 29.714472 27.779909 25.042618 25 25 25 25 25 24.994908 24.936755 24.878602 24.820448 24.762295 24.704141 24.645988 24.587835 24.529681 24.471528 24.413375 24.355221 24.297068
25.288426 25.20171 25.114994 25.028278 25 25 25 25 25 25 25 25 25 25 25 25.12737 25.261038 25.394707 25.528375 25.662044 25.795712 25.763956 25.353712 25 25.150741 25 25 25 25 25 25 25 25 25 25 25 25 25 25 25.077318 26.115176 27.201204 28.149564 29.050283 30 30 30 30 29.970918 28.02866 26.274734 25 25 25 25 25 24.942902 24.884748 24.826595 24.768442 24.710288 24.652135 24.593982 24.535828 24.477675 24.419522 24.361368 24.303215 24.245061 24.186908
