PRACTICE_QGIS(지적전산)/03.래스터/CTOUR_DEM.tif
NCOLS 221
NROWS 278
XLLCORNER 197790.84
YLLCORNER 550053.5
DX 9.9961814
DY 9.9818
NODATA_VALUE -9999
[rows 186 to 216 of 278, columns 0 to 69 of 221]
40 40 40.453317 41.260296 42.107531 42.973021 43.83851 44.703999 45 45 45 45 44.797509 44.042405 43.287301 42.534082 42.147341 41.729277 41.332011 41.10333 41.067049 41.052158 41.410306 41.783401 42.156496 42.529592 42.902687 43.266121 43.618421 43.97072 44.373441 44.887766 45.381909 46.023089 46.24792 46.262009 46.276098 46.290188 46.057925 45.239631 45 45 45 45 45 45 44.683575 44.345889 43.958395 43.555413 43.167171 42.91876 42.619842 42.821661 42.762255 42.747941 42.967051 43.211279 43.455508 43.699736 43.846847 43.943431 44.179735 44.527947 44.876158 45 45 45 45 45.677637
40 40 40.652644 41.707214 42.541682 43.348661 44.15564 44.962619 45 45 45 45 45 44.328112 43.573008 43.026197 42.60588 42.157143 41.822996 41.619547 41.575846 41.534572 41.698982 42.072078 42.445173 42.818268 43.191364 43.564459 43.937555 44.31065 44.67745 45.083114 45.884393 46.525574 47.077152 47.091241 47.10533 47.119419 46.540599 46.303065 45.985669 45.749418 45.513167 45.240853 45.446833 45.579715 45.712596 45.0964 44.911446 44.523204 44.134962 43.844096 43.545179 43.559279 43.499873 43.440467 43.471527 43.686966 43.930617 44.174845 44.30391 44.400494 44.605291 44.953502 45 45 45 45.227472 45.756477 46.187288
40 40 40.787214 41.841784 42.896354 43.823069 44.630048 45 45 45 45 45 45 44.613819 43.905054 43.482483 43.01362 42.648128 42.313981 42.135763 42.084644 42.029696 42.04383 42.360754 42.73385 43.106945 43.48004 43.853136 44.226231 44.599327 44.972422 45.102518 46.138897 47.028058 47.669239 47.920472 47.934561 47.841568 47.364113 47.380138 47.125878 46.889627 46.451327 46.132497 46.528869 46.749045 46.881926 46.510095 45.563843 45 45 44.769433 44.470515 44.268595 44.237491 44.178085 44.118678 44.195112 44.410552 44.649955 44.760974 44.857558 45 45.125807 45.35737 45.588932 45.820494 46.138158 46.730896 47.038633
40 40 40.921784 41.976354 43.030924 44.085495 45 45 45 45 45 45 45 44.899525 44.359086 43.890223 43.473259 43.139112 42.804966 42.648388 42.593441 42.538494 42.521882 42.649431 43.022526 43.395622 43.768717 44.141812 44.514908 44.888003 45 45.11895 46.1583 47.194679 48.171724 48.749703 48.763792 48.400258 48.585817 48.502338 48.266087 47.735707 47.206298 47.024142 47.416152 47.866683 48.051257 47.92379 47.361087 45.967065 46.40531 45.900184 45.28912 45 44.975108 44.915702 44.856296 44.79689 44.918698 45 45.455071 45.915707 46.094294 46.195511 46.427073 46.658636 46.932842 47.302556 47.705315 48.005465
40 40 40.779481 41.737166 42.792987 43.998848 45 45 45 45 45 45 45 45 44.766825 44.298087 43.964244 43.630097 43.29595 43.157185 43.102238 43.047291 43.012963 43.035502 43.311203 43.684298 44.057394 44.430489 44.803585 45 45 45.109951 46.450228 47.406303 48.3101 49.286841 49.596748 49.621962 49.804589 49.549496 49.020088 48.490679 47.96127 47.915787 48.296526 48.736211 49.204498 49.337485 49.158331 49.461369 50 48.627311 48.269316 45.769509 45 45 45 45 45 46.033321 46.94385 47.398955 47.546955 47.265215 47.496777 47.72834 48.068276 48.437989 48.693284 49.015957
40 40 40.3021 41.516388 42.730676 43.965259 45 45 45 45 45 45 45 45 45 44.789376 44.455229 44.121082 43.786935 43.665983 43.611035 43.556088 43.506735 43.509598 43.59988 43.972975 44.34607 44.719166 45 45 45 45.076827 46.417104 47.757381 48.847383 49.731359 50 50 50 50 49.775059 49.24565 48.716241 48.807432 49.17653 49.617454 50.316887 50.897053 51.42056 52.376739 51.743585 50.792026 50 47.392969 45 45 45 45 45 46.788542 48.714483 48.890816 48.999615 48.559866 48.566481 48.833996 49.20371 49.573423 49.899774 50
40 40 40 40.808374 42.057339 43.339748 44.431442 44.883364 45 45 45 45 45 45 45 45 44.946214 44.612067 44.27792 44.17478 44.119833 44.064885 44.009938 44.000273 44.027175 44.261652 44.634747 45 45 45 45 45.096693 46.57067 47.890798 49.210926 50 50 50 50 50 50 50 49.471213 49.699076 50.242005 53.009345 54.553006 54.571639 55 55 53.944996 52.290917 50.351903 48.227959 45.852047 45 45 45 45 48.260309 50 50 50 50 49.636185 49.96943 50 50 50 50.71879
40 40 40 40.234706 41.505114 42.775521 43.502018 43.95394 44.931702 45 45 45 45 45 45 45 45 45 44.768905 44.683577 44.62863 44.573682 44.518735 44.491354 44.499325 44.550328 44.923424 45 45 45 45.431712 46.513628 47.538937 49.006572 50 50 50 50 50.165747 50.549729 50.590111 50.532575 50.557719 52.134146 53.445637 55 55 55 55 55 55 52.632315 50.628721 49.291404 46.588862 45.504487 45 45 47.350799 50 50.166332 50.1468 50.127267 50.132105 50 50 50 50 50.419362 52.287958
40 40 40 40 40.940886 42.096007 42.572594 43.55193 44.735872 45 45 45 45 45 45 45 45 45 45 45 45 45 45 44.984494 44.987583 45.031549 45.228843 45.470809 45.712288 45.89969 46.231286 47.10875 48.362611 49.81586 50 50.346671 50.631948 50.917225 51.202502 51.553448 52.338011 52.292389 52.887394 55 55 55.12134 55 55 55 55 55 50.898891 50 50 48.369585 47.144226 46.560902 47.533619 48.239172 50.12723 51.448088 51.465145 51.455734 51.263708 50.723916 50 50 50.57212 51.912741 53.72924
40 40 40 40 40.376659 41.191247 42.172158 43.3561 44.540043 45 45 45 45 45 45 45.503812 45.655536 45.110462 45 45 45 45 45 45 45.059331 46.217045 46.380645 46.622611 46.852846 46.949682 47.086661 47.964125 48.841589 49.719053 50 51.297645 51.668703 51.95398 52.239257 52.598406 53.458637 54.052203 55 55 56.302596 56.784274 56.155881 55.148961 55 55 55 51.705628 50 50 50 49.461843 49.786499 50 50 50.808721 52.12958 52.78349 52.788044 52.395311 51.492679 50.459027 50 51.368665 53.372161 55.646505
40 40 40 40 40 40.792386 41.976328 43.160271 44.344213 45 45 45 45 48.360856 48.307887 47.417431 46.536077 45.991002 45.445927 45 45 45 45 45 45.942087 47.402541 47.543565 47.774413 47.993403 47.97685 47.955013 48.8195 49.696964 50 50 51.750287 52.841167 52.990736 53.276013 53.643363 54.417689 55.193023 56.622524 56.813265 58.504677 58.409265 58.197342 57.190422 55.797888 55 55 51.632612 51.099661 51.349232 51.16743 50.024573 50 50 50 50 52.667367 54.101836 54.066706 53.189094 52.155083 50.989866 51.021013 51.899468 54.081778 60
40 40 40 40 40 40.429388 41.797807 42.964441 44.148383 45 45 50 50 50 49.274511 47.961692 47.416618 46.871543 46.326468 45.766719 45.580849 45.603868 45.492083 45.559488 46.824843 48.34799 48.705843 48.926216 49.12721 49.004019 48.927419 49.674876 50 50 50.077 52.202928 54.061799 54.152354 54.312768 54.691514 55.420607 56.771474 60 60 60.214705 60.039111 59.882029 59.330893 58.740549 57.648985 55.550791 53.463264 53.29436 53.38421 52.235204 51.092347 50 50 50 50 50.103322 52.249116 54.723835 53.548242 52.387688 52.374157 52.860021 53.345884 54.474793 60
40 40 40 40 40 40 41.277283 42.645701 44.01412 45 46.53225 50.684766 51.712403 51.596462 49.70997 48.842233 48.281387 47.724887 47.168387 46.611886 46.806497 47.100655 47.21324 47.853829 48.970139 49.347829 49.889534 50.116652 50 50 49.896622 50 50 50 50.169538 54.708295 55 55 55.425281 55.911281 56.574799 58.191591 59.647848 60 61.178838 61.894378 61.732586 61.569638 61.301327 60.702099 60 58.553381 55.882972 54.291204 53.130109 51.969015 50.807921 50 50 50 50 50 54.931026 53.768366 53.727301 54.213165 54.699028 55 55.237649 60
40 40 40 40 40 40 40.745187 42.39918 44.183808 46.297382 48.289184 54.955504 55 55 50 49.683055 49.126554 48.570054 48.013554 47.718053 48.032145 48.350144 49.043667 50.169722 50.677697 50.426388 51.203447 51.611173 51.055413 51.190572 50.845317 50.920407 51.137077 51.821405 55 55 55 56.035413 56.73014 57.205802 57.806071 58.406339 59.836485 60.405824 61.838271 63.270717 63.603076 63.51484 63.359303 62.613265 60.695716 60 58.320673 54.304336 53.292021 52.158895 50.968094 50 50 50 50 50.907607 55 55 55 55 55 55 59.030888 59.479284
40 40 40 40 40 40 41.835918 43.768564 46.02007 49.006038 50 55 55 55 51.079116 50 49.971722 49.415222 48.858722 48.846266 49.176464 49.599633 50 51.554064 52.862618 52.556532 52.803292 52.983859 52.747041 52.875567 52.466095 54.34303 55 55 55 55 55.853456 57.16351 58.013243 58.500323 59.100592 59.70086 60.361026 61.352792 62.72913 64.105469 65 65 65 64.439694 61.700436 60 59.103204 54.947557 54.019161 53.090766 52.609531 50 50 50 50.646783 51.981854 55 55 55 55 55 56.752818 55 57.862878
40 40 40 40 40 40 44.893165 45.998734 48.990939 50.958351 51.421206 53.622432 55 55 51.837898 50 50 50 49.70389 49.974479 50 50 55 55 55 54.729927 54.792886 54.497835 54.470846 54.565344 54.978961 55 55 55 55 55 56.069967 58.291607 59.293481 59.794844 60.473703 61.193369 61.961595 63.592183 64.038902 65 65 65.878145 66.751757 65.001949 63.265532 61.072894 58.796642 55.019472 55 54.963271 53.617607 50 50 50.738594 51.864433 53.434905 55 55 55 55 55 55.378981 55 56.219786
40 40 40 40 40 42.441351 45.194795 47.162206 49.129618 51.097029 53.06444 55 55 55 54.198568 50.945653 50 50 50 50.450998 51.561675 53.047976 55 55.622779 56.72889 57.372941 58.115673 57.699516 58.190579 57.989464 56.388359 55 55 55 55.756899 56.658929 57.49773 59.667078 60.741768 61.377252 62.025712 62.745378 63.576825 65 65.801099 66.859223 67.198103 68.748478 68.994236 66.082867 63.719096 61.622941 59.419227 57.559249 55.472616 55 52.89981 50.202868 50.107074 51.606278 52.944812 54.4159 55 55 55 55 55 55 55 55
40 40 40 40 41.024005 43.163932 44.833211 46.655596 48.706488 50.75738 52.808271 54.798738 55 55 55 53.234038 51.323757 50.758556 50.96506 52.477808 54.205096 55 56.452016 58.239946 59.837996 62.530175 60 62.36112 62.116012 60.969383 60.154628 59.951618 57.262833 57.154469 58.53942 59.678651 60 60.983432 62.114756 63.023832 63.725108 64.318346 65.436209 67.68445 68.301535 69.396399 70 70 70 68.261295 64.676178 62.541107 60.895366 58.615245 56.547095 54.910832 52.646124 51.778555 52.014503 52.754874 53.929873 55 55 55.356063 55.921334 56.486604 56.017943 55.499893 55.1342 55.35377
40 40 40 40 41.139533 42.808812 44.47809 46.019156 48.070047 50.120939 52.089713 54.002096 55 55 55 54.359332 52.92269 52.384704 52.517263 53.137606 54.864893 55.5698 57.433941 59.228318 64.094946 65 65 65 63.630843 62.522244 61.661671 60 60 58.736023 59.558887 60 61.186001 62.650408 63.646443 64.610178 65.484507 66.214231 66.980826 70 70.66937 71.941045 71.876159 71.761927 71.512027 70 65.218154 64.88617 62.206827 59.066396 57.081863 55 54.283913 53.659798 54.042186 54.627754 55 55.501647 56.716903 57.075456 57.560128 57.573972 57.055923 57.742183 56.499347 56.645915
40 40 40 40 40.933126 42.453691 44.122969 45.382715 47.433606 49.341507 51.067704 52.7939 55 55 55 55 54.503305 53.908791 54.113867 54.22767 55 56.227702 58.807988 60.202375 64.914159 65 65 65 64.865941 64.005368 63.144795 61.289418 60 66.620019 68.107447 66.835097 64.969146 64.213675 65 68.322371 67.500428 68.413798 69.274595 70 73.540234 73.845241 75 75 75 71.79697 67.193259 65 62.107868 60.090219 60 55.715485 55 55 55 55 55 56.85046 58.021854 58.918879 59.130002 60.202402 60.596561 59.345765 58.094969 57.934386
40 40 40.837493 41.861701 42.869071 43.614438 44.359806 45.084422 46.395819 48.122016 49.848213 51.577139 55 55 55 55 55.262308 56.671931 55.415477 55.576478 55.499779 56.819191 59.259793 64.888729 65.011493 66.023535 66.052213 65.241531 65 65 64.627919 63.969186 65.71193 72.713835 74.623639 74.037982 72.100544 71.691387 70.167207 70.593462 70 70 72.946415 75 76.69795 77.150364 75.626758 75 75 73.612811 68.736522 65.714648 63.882426 62.024065 60 57.898773 56.408168 55 55 55 56.864234 58.003508 59.584285 60 63.845581 63.450938 62.200142 60.949346 59.698551 59.222857
40.943856 42.009358 43.024631 44.035682 45.043489 45.855505 46.590695 46.546262 47.798169 49.225178 50 53.302066 55 55 57.049282 59.967941 60 58.481132 57.874829 57.635357 57.899155 58.729744 60 64.716792 65 67.870657 67.899335 65.833446 65.305428 66.91762 66.300744 66.688826 70.858577 75.579021 78.63233 78.735772 75.542329 72.991562 73.392156 74.161565 73.293506 76.558122 75 75.539536 80 80 78.349768 75 75 74.088265 71.667283 68.529624 65 62.978467 60.842817 60.069883 59.120585 57.219559 56.333699 56.234022 58.982209 60 60.842793 62.674014 65 65 65 65 65 60
43.141352 44.149042 45.220721 46.161596 47.10247 48.043345 48.704597 48.036441 49.217273 50 51.522247 53.773655 55 55 57.211688 58.990728 59.670627 60 60 59.688064 60.67165 60.322238 62.656045 65.277681 65.505626 68.779087 69.680688 70.166084 71.9712 72.425858 70.569011 69.842953 73.094162 76.904731 79.532948 80 80 75 75 75 75.383751 78.34458 78.923114 78.397008 80.924327 80 79.067279 76.005808 75 73.91735 72.087392 70.203165 68.215397 64.574432 62.701586 61.718456 60.762472 60.095659 59.56559 59.061336 59.492502 60.895905 62.255897 64.231078 65.507737 66.339595 66.022856 65.706116 65.389377 63.228639
45 45 45.713606 46.935761 48.157916 49.482503 50 49.669979 50 50 51.637113 53.573219 55 55 55.258759 57.186413 59.150582 60.541351 61.798932 62.711235 65 65.367362 66.86905 68.502498 69.525457 70.18375 71.649944 72.388596 74.014945 76.06722 75.061522 73.757523 76.099392 77.936541 80 80.37533 81.941881 78.428933 80.066826 78.49264 77.627254 80 81.780586 81.25448 82.167091 80.874489 80 78.46937 75 73.746436 71.777945 70 67.462866 65.246019 64.706809 64.313473 63.857618 63.308259 62.57229 61.384158 60.196026 61.611382 63.54115 65.432341 65.882402 68.024283 68.299484 67.958032 66.415088 60.870449
48.792766 45 45.696377 47.12146 49.669106 52.216753 55.382182 50.361359 50.437952 52.661668 54.489456 55 55 55.88437 57.608735 58.967812 60.452593 61.406443 62.454688 63.923298 65.564983 66.920787 68.300112 69.93356 70 71.41168 73.384831 74.657416 75 76.009851 78.509538 78.04758 79.104622 80.84962 84.737404 83.529798 83.376157 84.759379 81.687428 81.582535 81.529326 81.349602 84.204869 84.111952 83.600884 82.376486 81.296816 79.309519 75 75 73.408605 70 69.122222 67.63177 66.065803 65 64.833734 63.392962 62.226497 61.060032 60 61.602106 63.567188 68.392147 71.055536 72.160929 72.112982 69.991037 68.474435 61.521673
52.296805 53.895001 47.313289 49.855709 52.403356 54.951003 56.646856 55.051989 55.656566 56.239149 56.104258 56.021079 55.9379 57.011875 58.518055 60.346144 61.317685 62.271534 63.225384 64.579054 65.366553 68.138151 69.731174 70.070693 72.186578 72.837023 75.590691 77.536257 79.510418 80.325348 80.779124 83.09916 85.283315 91.094268 93.424206 93.447845 89.626107 85.198756 83.36606 83.438327 84.390801 85 85.078918 85 84.873854 83.314758 81.699767 80.359355 77.691214 77.159101 75.089016 72.045858 70.798206 69.742149 67.813245 66.051467 64.658395 63.019154 61.537638 60.371173 60 62.18345 64.211922 67.951423 72.355956 75 75 75 69.668878 63.356562
56.24777 55.554448 50.714636 52.990949 55.267262 57.685252 59.37886 57.624038 58.133276 58.101847 57.58578 57.954887 58.018657 58.959464 60 60.742301 62.33727 63.237117 64.090476 65 65.567246 68.918213 72.592378 75.87464 78.238066 80 80.40127 80.692723 80.984177 83.307565 82.791096 83.36366 90.376575 94.26838 97.754309 99.589584 99.276146 96.46387 86.064057 85 86.337809 86.797462 86.737823 85.49522 84.872427 83.575169 82.27791 80.980651 80 78.724381 75.654739 74.291673 75.545045 72.367335 71.522768 70.6782 67.400814 60.857606 60.330098 60 60.169368 64.075407 66.705446 68.911756 72.710419 75.945943 75.454626 75 69.381856 63.031415
58.006497 57.213896 54.115982 56.392295 58.668608 60 65 65 60.141195 59.766388 59.004026 59.519074 60 60.69262 60.582231 61.505823 63.009439 64.402931 65 66.927 68.231998 69.992002 74.546412 79.415167 80 80.342261 81.101543 81.754525 82.045978 82.419504 87.105877 86.686011 92.587109 97.924959 101.39069 103.45378 103.79222 101.66353 98.012447 92.548091 88.095433 88.633508 87.641709 86.409031 86.05687 84.528586 83.217656 83.902815 81.508546 81.463288 78.998467 78.726848 79.081879 74.629768 73.382998 72.136228 68.789298 63.168368 63.133338 63.084519 65 66.870079 70.749714 72.376801 75.233976 78.812495 79.389999 76.821814 72.504889 69.03435
59.318655 58.443245 57.517329 59.793642 60 60 65 65 65 64.440078 62.523596 62.064469 61.728198 62.408949 61.876342 62.595857 63.8131 66.388822 70.447621 69.608482 70 70.14816 75.598087 80 80.009738 80.76902 81.528303 82.290405 83.087073 83.399233 85.069837 91.928912 96.770252 100.80962 104.04678 105 105 105 103.77959 99.863324 95.536494 89.788199 88.845929 87.94316 88.223739 88.799069 88.690329 83.683397 84.700106 83.840222 80.942682 80 75.972982 75 74.762869 73.516099 70.499147 67.625467 67.611554 65 65.208201 67.760844 73.791429 75.886615 77.882207 80 80 78.947166 73.961409 69.321721
60 59.58751 60 60 60 60 64.498617 64.064724 63.630832 64.123878 64.720797 65 64.120056 63.991747 63.170453 63.840659 64.819544 71.409321 75.327302 74.350445 71.972882 72.076752 76.221947 80 80.436497 81.19578 81.955062 82.714345 83.483967 84.280635 86.705305 94.202451 98.745806 102.38932 105 105 105 105 105 105 102.59409 98.578685 93.761265 89.518559 90 91.773839 91.003158 86.967651 88.109757 83.714698 81.867253 80 75 75 75 74.895971 72.208995 72.082565 70.9611 67.981502 67.720598 70.510298 75.95751 79.726977 81.913169 81.905416 81.926615 80.055929 75 70.310273
60 60 60 60 60 60 62.635086 62.201194 62.637865 63.234784 64.13171 64.600907 64.883081 65 64.464564 65 67.689566 77.283869 80 79.802288 76.646599 74.809607 75.6668 79.448812 80.738241 81.572453 82.381822 83.141104 83.900387 84.677529 85 95.739871 100.71213 104.65809 105 105 105 105 105 105 105 105 102.70131 100.36073 94.396088 93.950612 92.809101 91.659879 90.425694 84.214499 82.916456 80.114934 76.561089 75 75 75 77.106477 74.353518 72.702891 71.623961 71.267135 75 77.681764 81.708673 85 85 83.250286 80.491257 76.612908 71.934783
