PRACTICE_QGIS(지적전산)/03.래스터/CTOUR_DEM.tif
NCOLS 221
NROWS 278
XLLCORNER 197790.84
YLLCORNER 550053.5
DX 9.9961814
DY 9.9818
NODATA_VALUE -9999
[rows 155 to 185 of 278, columns 70 to 139 of 221]
36.408084 36.688589 36.969093 37.249598 37.43623 37.520488 37.56164 37.643715 37.720309 37.768685 37.819119 37.866498 37.907616 37.941499 37.975382 38.009265 38.04481 38.018182 37.879887 37.741591 37.760683 37.898745 38.513235 39.127725 39.742215 40.177172 39.235665 38.294157 38.14758 38.276858 38.49866 38.720462 38.942265 39.164067 39.38587 39.607672 39.829474 40 40 40 40 40 40 40 40.19128 40.324279 40.563026 40.656431 40.865089 41.289816 41.786781 41.935881 43.500296 43.660865 43.112075 42.129556 41.345051 41.410924 41.466879 41.43283 41.277432 41.056192 40.914988 40.646339 40.348702 40.051064 40 40 40 39.659061
36.77061 37.095997 37.376501 37.657006 37.886224 37.980398 38.02155 38.080701 38.165443 38.213779 38.264213 38.312664 38.358568 38.394734 38.428617 38.4625 38.501844 38.431343 38.293047 38.154752 38.156713 38.402017 39.016507 39.630997 40.245487 40.859978 40.253498 39.311991 38.509188 38.597171 38.793031 39.014833 39.236636 39.458438 39.680241 39.902043 40 40 40 40.197825 40.391932 40.586039 40.780145 40.974252 41.196607 42.274067 42.951508 42.60435 42.828879 43.094515 44.13683 44.54372 44.708467 44.711103 43.696452 42.911946 42.171313 42.406985 42.468573 42.38392 42.062086 41.890128 41.653424 41.334612 41.036975 40.649174 40.37016 40.045904 40 39.966235
37.129338 37.461884 37.783909 38.064414 38.335644 38.440308 38.48146 38.522611 38.610577 38.658873 38.709308 38.758829 38.805596 38.847969 38.881852 38.915735 38.958879 38.844503 38.706208 38.567912 38.552743 38.905289 39.519779 40.134269 40.748759 41.36325 41.271331 40.329824 39.388317 38.949885 39.087402 39.309205 39.531007 39.752809 39.974612 40 40 40 40.59925 41.157041 41.369011 41.563118 41.757225 41.951332 42.218907 43.635729 45 44.552268 44.810444 45 45 45.204279 46.030011 45.610054 44.478841 43.694335 43.121633 43.353623 43.45372 43.270735 42.849046 42.701721 42.320522 42.022885 41.571885 41.243563 40.956513 40.461003 40 40
37.488689 37.820612 38.153157 38.471822 38.752327 38.900218 38.94137 38.982521 39.053901 39.103968 39.154402 39.204836 39.251947 39.297664 39.335087 39.372094 39.395959 39.257664 39.119368 38.981073 38.948773 39.40856 40.023051 40.637541 41.252031 41.866521 42.289165 41.347657 40.40615 39.464643 39.403434 39.603576 39.825378 40 40 40 40.199034 40.755556 41.312078 41.968403 42.327817 42.540197 42.734304 42.928411 43.301796 44.857903 45 45 45 45 46.236686 48.294167 49.264907 46.904407 45 44.476725 44.071953 44.303943 44.447539 44.055389 43.683492 43.315024 43.008795 42.544294 42.11095 41.829915 41.402595 40.876101 40.349608 40
37.843693 38.179341 38.511886 38.844431 39.159735 39.360128 39.40128 39.442431 39.496733 39.549062 39.599496 39.649931 39.698112 39.744692 39.788322 39.829129 39.80912 39.670824 39.532529 39.394233 39.344639 39.911832 40.526323 41.140813 41.755303 42.369793 42.984284 42.36549 41.423983 40.482476 39.755099 39.897947 40 40 40.188486 40.347593 40.756047 41.420612 42.103712 42.65964 43.144591 43.498593 43.711384 43.937485 44.523971 45 45 45.593184 46.124703 45 48.400379 50 50 49.391096 45 45 45 45 45 44.840042 44.464324 43.994705 43.516702 43.025186 42.703318 42.344187 41.817694 41.2912 40.764706 40.238213
38.198697 38.538925 38.870615 39.20316 39.535705 39.820038 39.86119 39.902341 39.943492 39.994156 40.072798 40.155136 40.096513 40 40 40 40 40 39.945689 39.807394 39.800614 40.415104 41.029595 41.644085 42.258575 42.873065 43.487556 43.383324 42.441816 41.500309 40 40.829035 41.87689 41.001464 41.305813 41.13096 41.366309 41.817149 42.616954 43.41676 44.028793 44.317658 44.669369 44.968017 46.868966 48.284515 49.57156 50 50 50.000311 50 50 50 50 47.357803 47.098709 46.265793 45.651324 45.46775 45.220242 44.980616 44.489111 43.997594 43.583324 43.28578 42.759286 42.232792 41.706299 41.179805 40.653311
38.553701 38.893929 39.229344 39.561889 39.894434 40 40 40.096825 40.726702 40.717114 40.799453 40.881791 40.756405 40.550746 40.345087 40.139428 40 40 40 40 40 40 41.532866 42.147357 42.761847 43.376337 43.990827 44.401157 43.45965 41.151598 43.61536 44.433786 42.84689 42.158061 42.423141 41.968657 42.113023 42.385025 43.013491 43.813296 44.613101 45 46.586143 49.05152 50 50 51.086998 51.018899 51.032053 50.985403 50.748952 50 50 50 50 48.350026 47.585034 46.86582 46.618313 46.273168 45.439813 44.970003 44.482455 44.163073 43.700878 43.174385 42.647891 42.036827 41.37043 40.704033
38.901162 39.248933 39.588073 39.920618 40 40 40.426718 41.186019 41.497813 41.443769 41.526107 41.608446 41.416297 41.210638 41.004979 40.768155 40.597075 40.381264 40 40 40 40 40 40 40 40 40 45 43.556904 45 45 45 43.81689 43.373936 43.49387 42.838006 42.95072 43.095086 43.410027 44.209832 45 45.240855 47.004437 48.885857 50 50.485602 52.32808 52.155881 52.001041 51.970495 51.407878 50.558947 50 50 50 49.663061 48.552391 48.016384 47.572445 46.73909 45.905736 45.072381 45 44.638542 43.972145 43.305748 42.639351 41.981516 41.343307 40.705098
39.234274 39.586148 39.938022 40 40 41.031622 41.515912 42.275213 42.268925 42.170424 42.252762 42.285074 42.076189 41.87053 41.664871 41.328418 41.210156 40.890402 40.433371 40 40 40 40 40 40 40 40 42.727494 45 45 45 45 44.78689 44.589811 44.449189 43.793324 43.788418 43.932783 44.077149 44.606369 45 45 46.837947 48.807701 50 51.816875 53.559231 53.292863 52.97003 52.884485 52.066804 51.217873 50.368941 50 50 50 49.460017 48.871722 48.038367 47.205013 46.371658 45.538303 45 45 44.533946 43.895737 43.257528 42.619319 41.98111 41.394352
39.567386 39.91926 40 40 40.747238 42.297075 42.605106 43.306718 43.040037 42.912092 42.979417 42.944524 42.736081 42.530422 42.227574 41.90968 41.823237 41.39954 40.942509 40.485478 40.028447 40 40 40 40 40 40.589144 42.895539 45 45 45 45 45 45 45 44.748643 44.626115 44.77048 44.914846 45.074199 45.553671 46.23081 47.249328 48.729545 50 53.148147 54.696213 54.431454 53.951788 53.574661 52.72573 51.876799 51.027867 50 50 50 50 49.259356 48.363178 47.467001 46.570823 45.674646 45 45 45 44.53354 43.895331 43.257122 42.698452 42.766412
39.900499 40 40 40.154155 41.780875 43.407595 43.777516 44.077829 43.811149 43.658061 43.706072 43.603974 43.395973 43.12673 42.787837 42.504016 42.365709 41.908678 41.451647 40.994616 40.391498 40 40 40 40 40 40.923736 42.177915 44.113628 45 45 45 45 45 45.306126 45.448306 45.581205 45.762111 45.943016 46.136973 46.777332 47.530987 48.304453 49.716896 54.647558 54.961468 55 55 54.925447 54.233587 53.034057 51.84502 50.839576 50 50 50 50 49.774051 48.877874 47.981697 47.085519 46.072019 45.003482 45 45 45 44.533134 44.001195 43.804143 44.315183
40 40 40 41.739626 43.027864 44.441232 45 44.848941 44.582261 44.404031 44.432726 44.263424 44.055865 43.686993 43.3481 43.098351 42.874847 42.417816 41.960785 41.337543 40.630353 40.126696 40 40 40 40.370182 41.62436 42.878539 44.131279 45 45 45 45 45.596535 46.401637 46.539483 46.636172 46.811834 46.99274 47.217386 47.980281 48.668721 49.508304 51.0076 55 55 55 55 55 55 54.43277 53.342741 52.001225 50.825202 50.301619 50.040341 50 50 49.39257 48.496392 47.462255 46.393718 45.325181 45 45 45 45 44.896007 45 45
40 40 41.454033 43.307214 45 45 45 45 45 45 45 44.922875 44.586149 44.247256 43.908363 43.692686 43.383986 42.926955 42.283588 41.716367 41.324455 41.067798 40.777632 40.45973 40.260659 41.03536 42.277106 43.518852 44.760599 45 45 45 45.886944 46.842168 47.479246 47.63066 47.733242 47.861557 48.042463 48.297799 49.060694 49.806455 50 52.117112 55 55 55 55 55 55 54.193611 52.909551 51.990033 51.299215 51.038483 50.619522 50.148803 50 49.921028 48.730199 47.522364 46.314529 45.106694 45 45 45.388058 47.956378 49.354485 47.071454 45
40 40.590579 41.496324 42.99013 44.843311 45 45 45 45 45.154032 45.59383 45 45 44.807519 44.478099 44.288998 43.893124 43.265001 42.90743 42.522214 42.265558 42.008901 41.721431 41.403529 41.291883 41.545545 42.915854 44.148172 45 45 45.222127 46.177352 47.132577 48.087802 48.555372 48.721837 48.827694 48.91128 49.053271 49.378212 50 50 51.115039 52.985745 55 55 55 55 55 55 54.074381 53.154863 52.30767 52.036624 51.585685 51.114966 50.644248 50.173529 50 49.424664 48.087625 46.750586 45.723793 45.19911 45.185719 47.136165 49.470274 51.750955 50.800701 49.512645
40.398921 41.304665 42.21041 43.159795 44.731462 45 45 45.026072 45.482588 45.939103 46.321673 45.698912 45.181877 45 45 44.859293 44.456064 44.098493 43.719973 43.463317 43.20666 42.950004 42.665229 42.363267 42.360221 42.53531 43.394851 44.76516 45 45.006892 47.006773 47.665412 48.378211 49.333436 49.631498 49.806556 49.922146 50.00437 50.727217 51.32267 52.032923 52.677371 52.365131 54.149283 55 55 55 55 55 55 54.319694 53.400176 53.022567 52.551848 52.081129 51.610411 51.092411 50.471466 50 50 49.159056 48.18754 47.216024 46.548951 46.632296 48.314421 51.567827 53.977204 53.007445 51.975261
41.113007 42.018752 42.924496 43.830241 44.898299 45 45.354628 45.811143 46.267659 46.724174 47.049516 46.426755 46.132354 45.909782 45.505304 45 45 44.917732 44.661076 44.40442 44.147763 43.891107 43.609028 43.32615 43.42856 43.603648 43.873847 45 45 46.734312 48.727943 49.938265 51.738405 52.629462 54.305868 55 55.333507 55.47153 55.559155 55.705463 55.12511 55 53.949217 55 55.254671 56.245806 56.446751 56.647697 56.290002 55 54.565006 53.988729 53.518011 52.98822 52.407043 51.781784 51.145654 50.509524 50 50 50 49.67977 48.708254 47.898792 48.231079 49.558795 55.383048 60.714611 55.963926 54.130447
41.259185 42.138673 43.017274 43.856321 44.695369 45 45.776814 46.596214 47.05273 47.509245 47.77736 47.248636 47.07767 46.719803 46.109474 45.302691 45 45 45 45 45 44.832209 44.568488 44.321809 44.496898 44.671987 44.847075 45 45.796634 47.59676 49.579765 55 55 55 55 55.296376 56.128335 56.376725 56.46435 56.781662 56.46793 55.530508 55.779781 56.983752 58.327639 58.607132 58.947101 58.515636 57.204637 55.430392 54.88403 54.302852 53.721674 53.092101 52.455971 51.819841 51.183711 50.547581 50 50 50 50 50 49.248632 49.829861 52.948766 58.856984 63.24084 65 63.836715
40.941091 41.782692 42.628783 43.473729 44.308118 45 45.878682 46.956931 47.8378 48.294316 48.505203 48.244285 47.934302 47.245547 46.438764 45.63198 45 45 45 45 45 45 45 45 45 45 45 45 46.271355 48.05085 49.680631 54.239957 55 55 55.194969 56.206716 56.923163 57.252832 57.369545 57.733757 57.810749 57.064792 58.214891 59.385478 60 60 60 59.329718 57.534461 55.739205 55 54.402419 53.766289 53.130159 52.494029 51.857899 51.221769 50.585639 50 50 50 50 50 50.241581 52.962991 57.581528 61.165914 63.545773 65 65
41.2584 42.073133 42.912976 43.752818 44.592661 45 45.791763 46.977303 48.118275 49.079387 49.233046 49.1488 48.381621 47.574837 46.829652 46.063825 45.18718 45 45 45 45 45.011286 45 45 45 45 45 45 46.816312 48.460589 50 52.779016 55 55.093562 56.105308 57.117055 57.717991 58.036371 58.27474 58.640116 59.087122 59.258447 60.441007 60.605763 60.169779 60 60 59.859995 58.064738 56.293917 55 55 54.443948 53.796421 53.148894 52.501368 51.853841 51.313729 50.762247 50.151936 50 50 51.967796 54.686865 60.03224 61.410018 63.128239 65 65 65
41.887139 42.522991 43.228422 44.068265 44.908108 45 45.196519 46.470561 47.744603 49.069967 50 49.658776 48.921623 48.18447 47.32008 46.443435 45.56679 45 45 45.238248 45.754584 46.099022 45 45 45 45 45 45 46.78695 49.155221 50 52.086265 55 56.003901 57.015647 58.027394 58.512819 58.8312 59.179935 59.546475 60.793345 62.164128 62.400734 61.898015 61.462032 61.026048 60.477371 60 58.605807 56.475623 55 55 55 54.490125 53.842598 53.296471 52.816794 52.329034 51.667468 51.057157 50.369682 51.094206 54.247041 60.074659 61.320035 62.375118 63.936953 65 65 65
42.52894 43.087346 43.762337 44.383711 45 45 45.513394 46.932805 48.36835 49.803895 50 50 49.487077 48.674413 47.861749 47.049085 46.23642 45.721979 45.610348 46.143978 46.963622 47.186757 45.976897 45 45 45 45 45 46.502573 48.841128 51.018899 53.362911 55 56.715414 57.925987 58.937733 59.307647 59.626028 59.944408 65 65 64.06743 63.706407 63.20356 62.754284 62.347464 61.676062 60.949084 60 59.301189 55.198912 55 55 55 54.796434 54.319859 53.843283 53.204639 52.572688 52.051793 51.765562 53.156936 56.936008 60.622397 61.907235 63.226312 64.54539 65.078042 65.167011 65.25598
43.090113 43.681538 44.25999 44.980261 45 46.00302 47.140854 48.215359 49.49851 50 50 50 50 49.677604 48.86494 48.052276 47.507536 47.639596 47.144632 47.636223 48.172659 48.274493 47.064633 45.854772 45 45 45 45 46.257377 48.68323 50.635699 53.705182 55 57.637868 58.936457 59.784095 60 60 65 65 65 65 65 64.509233 64.036207 64.166141 63.281721 61.945963 60.610205 60 57.259438 55 55 55 55 55 54.784143 54.08822 53.632768 53.528363 53.522823 55.44984 59.039031 60.983398 62.227443 63.479401 64.776737 68.188202 68.230162 67.878744
43.055344 43.67571 44.369773 45 45.27126 46.776348 48.156016 49.429651 50 50.905067 51.111386 51.691275 50.414147 50 49.868131 49.055467 49.782413 49.637914 49.124211 49.18869 49.420232 49.362228 48.255735 47.48188 46.619285 45.215567 45 45 45.935208 48.940485 50 52.057175 54.27474 57.394767 60 60 60 60 65 65 65 65 65 65 65 65 63.883814 62.588322 61.292831 59.878265 55.981367 55 55 55 55 55 55 55 55 55 55.613104 57.808823 60.076726 61.307377 62.538028 63.768679 65 70 70 68.043441
43.280235 43.859715 44.439194 45 45.865006 47.403785 48.921029 50 51.12188 52.888298 53.087362 53.446704 52.774439 51.295308 50 50 50 50 50.037986 50.277619 50.043745 50 50 49.363626 47.654673 46.356681 45.253005 45 46.68111 48.76549 50 51.188777 53.387392 56.202672 60 61.888187 63.857302 65 65 65 65 65 65 65 65 65 63.969228 62.673736 61.190359 59.025012 55.877527 55.571621 55.448617 55.372184 55.295752 55.219319 55.142887 55.066454 55.442661 55.766899 57.189098 58.776717 60 61.654114 63.369836 64.554263 69.391818 70 70 68.139835
43.505127 44.084606 44.664086 45 45.803943 47.36646 48.929053 50.813884 53.49084 54.874356 55 55 54.946256 52.796228 50.730627 50 50 50.396066 51.004983 51.166744 50.929674 50.396449 50 50 48.690061 47.497795 46.451982 45.94338 46.969887 48.532483 50 50 52.714106 56.037877 57.81609 60.486974 62.308193 63.462922 64.850637 65 65 65 65 65 65 65 63.977778 62.425861 60.873944 58.171759 57.104207 56.424961 56.258785 56.243501 56.167068 56.090636 56.014203 55.955892 56.719466 57.968499 59.132541 60.614795 61.732221 62.732511 64.266505 67.605974 71.619018 70.257611 70 68.127846
43.945958 44.309498 44.888977 45 46.151581 47.446358 48.968521 50 53.8187 55 55 55 55 53.377977 50.682391 50 50.754145 51.363063 51.97198 52.055869 51.815603 51.282378 50.749153 50 49.742585 48.730739 47.810385 47.124544 47.908029 49.470625 50 50 51.193128 55 55.445187 58.189357 60.317591 61.729178 64.824828 65 65 65 65 65 65 65 63.779904 62.110221 60.557528 58.651696 57.958154 57.302262 57.023213 57.114817 57.038385 56.961952 56.88552 56.914503 57.818075 58.960212 62.476557 65.222024 65.442181 65.355205 67.492944 71.205975 74.716623 73.676476 69.797001 68.215958
44.427457 44.785304 45 45.660843 46.657769 47.871926 49.082544 50 53.482248 55 55 55 55 53.525994 51.637706 50.60112 51.44406 52.330059 52.938976 52.95886 52.701533 52.168308 51.453312 50.148693 50 50 49.168788 48.27817 48.846171 50 50 50 50 53.43262 55 57.660838 59.928895 61.685119 64.805277 65 65 65 65 65 65 65 65 63.946703 61.095997 59.613911 58.688928 58.179563 57.847329 57.871234 57.909701 57.833269 57.756836 57.873115 58.819077 59.803156 65.746717 68.843195 69.915152 68.935189 70.10066 74.282777 75 75 69.921364 68.899051
44.908957 45 45.79717 46.659923 47.487149 48.18292 49.464127 50 53.411531 55 55 55 55 54.245339 53.133036 52.020733 52.593902 53.190067 53.905973 53.859506 53.587462 53.033109 51.730991 50 50 50 50 49.606837 49.882667 50 50 50 50 52.493603 55 56.913739 59.044653 61.646897 64.823327 65 65 65 65.02375 65.272614 65.521477 65.555062 65 65 65 60 59.419703 59.056865 58.72463 58.635662 58.719256 58.704585 58.675416 58.835999 59.820078 60.944663 68.060556 72.911065 74.956815 72.661017 72.789503 76.090228 75.730188 74.58526 70 69.582144
45 45.611422 46.155069 46.922105 47.796328 48.71587 49.635411 51.810329 55 55.918113 55.758365 55.598617 55 55 54.552649 53.440347 53.547976 54.611418 54.87297 54.75343 54.473392 53.007009 51.365967 50 50 50 50 50 50 50 50 50 50.720356 53.102038 55 56.823927 58.967703 61.602088 64.930214 65.297584 65.546447 65.795311 66.044174 66.293037 66.470366 66.098113 65.18705 65 65 62.10785 60 59.934166 59.601931 59.40009 59.483684 59.567278 59.637725 59.837 60.381728 64.517511 70.554136 76.074003 78.31455 76.447961 75.463029 78.52423 79.828002 74.33693 70 70
45.402844 46.229525 46.86501 47.429928 48.1206 48.887636 49.678097 53.152781 56.57487 58.55629 58.685519 57.131704 55.309962 55 55 54.85996 54.528474 55 55 55 55 55 55 56.126707 52.181239 50 51.670509 50.714614 50 50 50 50 51.397142 53.679024 55 57.406913 59.707542 62.845479 65.450587 66.318007 66.566871 66.815734 67.064597 67.313461 67.223875 66.641163 65.730101 65 65 63.798443 61.92654 62.60015 62.911272 60.289823 60 60 60 62.644519 65.418764 68.331069 72.766178 77.918251 81.532973 81.715143 79.321927 81.380759 80 74.529205 70 70
45.967668 46.794349 47.514637 48.118598 48.707777 49.319094 50 54.251107 58.762443 60 59.668548 57.840249 57.081306 55 55 55 55.057172 55.573981 55 55 55 55 55 57.759777 60 52.723641 53.399995 52.292024 50.951538 50 50 50 51.497593 53.688531 55.414847 58.477669 61.042496 64.395414 65.960096 67.084485 67.587294 67.836158 68.085021 68.090232 67.977384 67.184214 66.273152 65.36209 65 65 65 65 65 64.484069 61.314372 60.119954 61.696231 63.504282 65.590229 68.890605 73.575811 78.76567 83.491096 85 83.948593 85.370961 83.187985 77.991793 74.998504 72.654176
