PRACTICE_QGIS(지적전산)/03.래스터/CTOUR_DEM.tif
NCOLS 221
NROWS 278
XLLCORNER 197790.84
YLLCORNER 550053.5
DX 9.9961814
DY 9.9818
NODATA_VALUE -9999
[rows 124 to 154 of 278, columns 0 to 69 of 221]
34.91879 34.564433 34.210075 33.855717 33.50136 33.147002 32.792644 32.472639 32.185711 32.042056 31.88757 31.68434 31.48111 31.277881 31.074651 30.871421 30.668191 30.464961 30.261731 30.099555 30 30 30 30 30 30 30.196663 30.766602 31.33654 31.906479 32.462651 32.977485 33.492319 33.955866 34.091962 34.762738 35 35 35 35 35 34.788328 34.410289 34.03225 33.654211 33.276172 32.898132 32.520093 32.142054 31.764015 31.385976 31.007936 30.629897 30.288766 30 30 30 30 30 30 30 30 30 30 30 30 30 30 30 30
34.92173 34.567372 34.213014 33.858656 33.504299 33.149941 32.801542 32.514614 32.341449 32.193497 31.996218 31.792989 31.589759 31.386529 31.183299 30.980069 30.776839 30.580025 30.451848 30.328384 30.20492 30.081456 30 30 30 30 30.296535 30.869324 31.440231 32.010169 32.580108 33.150046 33.719985 34.256826 34.641421 35 35 35 35 35 35 34.759107 34.381068 34.003029 33.62499 33.24695 32.868911 32.490872 32.112833 31.734793 31.419452 31.115835 30.759679 30.355294 30 30 30 30 30 30 30 30 30 30 30 30 30 30 30 30
34.924669 34.570311 34.215953 33.861596 33.507238 33.15288 32.843517 32.603664 32.490626 32.308097 32.104867 31.901637 31.698407 31.495177 31.291947 31.088717 30.927605 30.804141 30.680677 30.557213 30.433749 30.310285 30.186821 30.100563 30 30 30.413608 30.962395 31.524734 32.087073 32.649411 33.214303 33.783783 34.36082 34.937856 35 35 35 35 35 35 34.729886 34.351847 33.973807 33.595768 33.217729 32.853748 32.550131 32.246513 31.942896 31.623609 31.219224 30.814839 30.410454 30.006069 30 30 30 30 30 30 30 30 30 30 30 30 30 30 30
34.927608 34.57325 34.218893 33.864535 33.510177 33.172419 32.885491 32.790019 32.619975 32.416745 32.213515 32.010285 31.807055 31.603825 31.411385 31.279898 31.156434 31.03297 30.909506 30.786042 30.662578 30.503196 30.343599 30.358528 30.280157 30.110493 30.478344 31.113865 31.764565 32.305966 32.847367 33.388769 33.93017 34.471572 35 35 35 35 35 35 35 34.700664 34.322625 33.984426 33.680809 33.377192 33.073574 32.769957 32.459126 32.083154 31.678769 31.274384 30.869999 30.465614 30.061229 30 30 30 30 30 30 30 30 30 30 30 30 30 30 30.213004
34.930547 34.57619 34.221832 33.867474 33.513116 33.214394 33.089413 32.931853 32.728623 32.525393 32.322163 32.118933 31.915703 31.755654 31.63219 31.508727 31.385263 31.261799 31.134771 30.975175 30.815578 30.655981 30.496385 30.609647 30.634938 30.459752 30.622136 31.203044 31.902322 32.469538 33.092368 33.656923 34.198324 34.739726 35 35 35 35 35 35 35 34.811487 34.50787 34.204253 33.900635 33.597018 33.286571 32.947083 32.542698 32.138314 31.733929 31.329544 30.925159 30.520774 30.116389 30 30 30 30 30 30 30 30 30 30 30 30 30 30.203244 30.611454
34.933487 34.579129 34.224771 33.870413 33.543296 33.365534 33.243731 33.040501 32.837271 32.634041 32.430811 32.240291 32.107947 31.984483 31.86102 31.737556 31.60675 31.447153 31.287557 31.12796 30.968363 30.808767 30.732593 30.860767 30.98894 30.814532 30.843305 31.287689 31.907448 32.585021 33.317046 33.916743 34.455254 35 35 35 35 35 35 35 35 35 34.727696 34.424079 34.114017 33.80204 33.406628 33.002243 32.597858 32.193473 31.789089 31.384704 30.980319 30.575934 30.171549 30 30 30 30 30 30 30 30 30 30 30 30 30.193483 30.601694 31.009904
34.936426 34.582068 34.22771 33.873353 33.620773 33.538044 33.352379 33.149149 32.945919 32.742689 32.583704 32.46024 32.336776 32.213312 32.078729 31.919132 31.759535 31.599939 31.440342 31.280745 31.121149 30.961552 30.983713 31.111886 31.24006 31.169313 31.064475 31.499212 31.965808 32.611851 33.254842 34.00367 34.731769 35 35 35 35 35 35 35 35 35 34.941463 34.629485 34.270558 33.866173 33.461788 33.057403 32.646919 32.222286 31.837186 31.452085 31.066823 30.655798 30.270738 30 30 30 30 30 30 30 30 30 30 30 30.183723 30.591933 31.000143 31.408354
34.939365 34.585007 34.23065 33.914174 33.837377 33.664257 33.461027 33.257797 33.069198 32.935997 32.812533 32.689069 32.550708 32.391111 32.231514 32.071917 31.912321 31.752724 31.593127 31.433531 31.273934 31.114337 31.234832 31.363006 31.491179 31.524094 31.357939 31.720381 32.155118 32.670211 33.316255 33.962298 34.673491 35 35 35 35 35 35 35 35 35 35 34.797185 34.412084 34.026984 33.641884 33.256784 32.871383 32.485502 32.070773 31.622845 31.273919 30.924993 30.576067 30.22714 30 30 30 30 30 30 30 30 30 30.153128 30.499738 30.951082 31.398593 31.806803
34.942304 34.587947 34.243076 34.125423 33.976135 33.772905 33.569675 33.411754 33.28829 33.164826 33.022686 32.86309 32.703493 32.543896 32.384299 32.224703 32.065106 31.905509 31.745913 31.586316 31.426719 31.357779 31.485952 31.614125 31.742299 31.870472 31.703689 31.94155 32.376287 32.811024 33.374615 34.020658 34.666702 35 35 35 35 35 35 35 35 35 35 35 34.675943 34.290062 33.90418 33.484535 33.029289 32.626026 32.277099 31.928173 31.579247 31.230321 30.881395 30.532469 30.183543 30 30 30 30 30 30 30.035163 30.30188 30.568597 30.835315 31.180407 31.602949 32.054293
34.945243 34.590886 34.383367 34.288013 34.084783 33.898105 33.764047 33.640583 33.494665 33.335068 33.175472 33.015875 32.856278 32.696681 32.537085 32.377488 32.217891 32.058295 31.898698 31.739101 31.579505 31.608898 31.737071 31.865245 31.993418 32.121592 32.058469 32.162719 32.597457 33.032194 33.470646 34.079018 34.725062 35 35 35 35 35 35 35 35 35 35 35 34.898298 34.443052 33.987806 33.629206 33.28028 32.931354 32.582428 32.233502 31.884576 31.53565 31.186723 30.837797 30.488871 30.139945 30 30 30 30.078789 30.167185 30.257958 30.594686 30.979693 31.246411 31.513128 31.85823 32.275802
34.948183 34.635481 34.592257 34.396661 34.243872 34.11634 33.966644 33.807047 33.64745 33.487854 33.328257 33.16866 33.009063 32.849467 32.68987 32.530273 32.370677 32.21108 32.051483 31.891887 31.735115 31.860018 31.988191 32.116364 32.244538 32.372711 32.41325 32.383889 32.818626 33.253363 33.6881 34.161707 34.783422 35 35 35 35 35 35 35 35 35 35 35 34.9433 34.579178 34.215056 33.850935 33.486813 33.122691 32.758569 32.394447 32.030326 31.666204 31.302082 30.93796 30.573838 30.250051 30.134082 30.155481 30.243877 30.332273 30.420669 30.509065 30.777427 31.111006 31.612842 31.924224 32.190942 32.517598
34.951122 34.883907 34.727012 34.592097 34.438622 34.279026 34.119429 33.959832 33.800236 33.640639 33.481042 33.321445 33.161849 33.002252 32.842655 32.683059 32.523462 32.363865 32.204269 32.044672 31.982964 32.111137 32.23931 32.367484 32.495657 32.623831 32.752004 32.605384 33.039795 33.474532 33.909269 34.344006 34.852768 35 35 35 35 35 35 35 35 35 35 35 34.837914 34.473792 34.10967 33.745548 33.381427 33.017305 32.653183 32.289061 31.92494 31.560818 31.196696 30.832574 30.636177 30.515717 30.395257 30.407502 30.497361 30.585757 30.674154 30.76255 30.963316 31.296895 31.630475 32.037882 32.602038 32.868755
35 35 34.910601 34.751004 34.591408 34.431811 34.272214 34.112618 33.953021 33.793424 33.633827 33.474231 33.314634 33.155037 32.995441 32.835844 32.676247 32.516651 32.357054 32.197457 32.234083 32.362257 32.49043 32.618603 32.746777 32.87495 33.003124 32.947625 33.260964 33.695701 34.130438 34.565175 34.999912 35 35 35 35 35 35 35 35 35 35 35 34.732528 34.368406 34.004284 33.640162 33.276041 32.911919 32.547797 32.183675 31.819553 31.455432 31.142764 31.022304 30.901844 30.781384 30.660923 30.636947 30.750846 30.839242 30.927638 31.016034 31.149205 31.482785 31.816364 32.149943 32.483523 33.056037
35 35 35 34.90379 34.744193 34.584596 34.425 34.265403 34.105806 33.946209 33.786613 33.627016 33.467419 33.307823 33.148226 32.988629 32.829033 32.669436 32.509839 32.357312 32.485203 32.613376 32.741549 32.869723 32.997896 33.12607 33.254243 33.302406 33.482134 33.916871 34.351608 34.786345 35 35 35 35 35 35 35 35 35 35 35 34.991263 34.627142 34.26302 33.898898 33.534776 33.170654 32.806533 32.442411 32.078289 31.714167 31.528891 31.40843 31.28797 31.16751 31.04705 30.92659 30.866393 31.000411 31.092726 31.181122 31.269518 31.357915 31.668674 32.002253 32.335833 32.669412 33.002992
35 35 35 35 34.896978 34.737382 34.577785 34.418188 34.258591 34.098995 33.939398 33.779801 33.620205 33.460608 33.301011 33.141415 32.981818 32.822221 32.662625 32.608149 32.736322 32.864496 32.992669 33.120842 33.249016 33.377189 33.505363 33.633536 33.703303 34.13804 34.572777 35 35 35 35 35 35 35 35 35 35 35 35 34.885877 34.521756 34.157634 33.793512 33.42939 33.065268 32.701147 32.337025 32.035477 31.915017 31.794557 31.674097 31.553637 31.433176 31.312716 31.192256 31.095839 31.237094 31.34608 31.434607 31.523003 31.611399 31.854563 32.188143 32.521722 32.855301 33.188881
35 35 35 35 35 34.890167 34.73057 34.570974 34.411377 34.25178 34.092183 33.932587 33.77299 33.613393 33.453797 33.2942 33.134603 32.975007 32.81541 32.859268 32.987442 33.115615 33.243789 33.371962 33.500135 33.628309 33.756482 33.884656 33.924472 34.359209 34.793946 35 35 35 35 35 35 35 35 35 35 35 35 34.780491 34.416369 34.052248 33.688126 33.324004 32.959882 32.59576 32.421604 32.301144 32.180684 32.060223 31.939763 31.819303 31.698843 31.578383 31.457922 31.347268 31.46654 31.596264 31.688091 31.776487 31.864883 32.040452 32.374032 32.707611 33.041191 33.37477
35 35 35 35 35 35 34.883356 34.723759 34.564162 34.404565 34.244969 34.085372 33.925775 33.766179 33.606582 33.446985 33.287389 33.127792 32.982214 33.110388 33.238561 33.366735 33.494908 33.623081 33.751255 33.879428 34.007602 34.135775 34.191562 34.580378 35 35 35 35 35 35 35 35 35 35 35 35 35 34.675105 34.310983 33.946862 33.58274 33.218618 32.928191 32.807731 32.68727 32.56681 32.44635 32.32589 32.20543 32.084969 31.964509 31.844049 31.723589 31.608063 31.695985 31.837241 31.940814 32.029971 32.118367 32.226342 32.559921 32.893501 33.22708 33.560659
35 35 35 35 35 35 35 34.876544 34.716947 34.557351 34.397754 34.238157 34.078561 33.918964 33.759367 33.599771 33.440174 33.280577 33.233334 33.361507 33.489681 33.617854 33.746028 33.874201 34.002374 34.130548 34.258721 34.386895 34.515068 34.801548 35 35 35 35 35 35 35 35 35 35 35 35 34.933841 34.569719 34.205597 33.841475 33.477354 33.314317 33.193857 33.073397 32.952937 32.832477 32.712016 32.591556 32.471096 32.350636 32.230176 32.109715 31.989255 31.868858 31.925431 32.066687 32.190998 32.283456 32.371852 32.460248 32.74581 33.07939 33.412969 33.746549
35 35 35 35 35 35 35 35 34.869733 34.710136 34.550539 34.390943 34.231346 34.071749 33.912153 33.752556 33.592959 33.433363 33.484453 33.612627 33.7408 33.868974 33.997147 34.12532 34.253494 34.381667 34.509841 34.638014 34.766188 35 35 35 35 35 35 35 35 35 35 35 35 35 34.828455 34.464333 34.100211 33.820904 33.700444 33.579984 33.459523 33.339063 33.218603 33.098143 32.977683 32.857222 32.736762 32.616302 32.495842 32.375382 32.254922 32.134461 32.154877 32.296132 32.437388 32.535549 32.625336 32.713732 32.9317 33.265279 33.598859 33.932438
35 35 35 35 35 35 35 35 35 34.862921 34.703325 34.543728 34.384131 34.224535 34.064938 33.905341 33.745745 33.607399 33.735573 33.863746 33.99192 34.120093 34.248267 34.37644 34.504613 34.632787 34.76096 34.889134 35 35 35 35 35 35 35 35 35 35 35 35 35 35 34.723069 34.360318 34.207031 34.08657 33.96611 33.84565 33.72519 33.60473 33.484269 33.363809 33.243349 33.122889 33.002429 32.881968 32.761508 32.641048 32.520588 32.400128 32.384323 32.525578 32.666833 32.785733 32.87882 32.967217 33.117589 33.451168 33.784748 34.118327
35 35 35 35 35 35 35 35 35 35 34.85611 34.696513 34.536917 34.37732 34.217723 34.058127 33.89853 33.858519 33.986692 34.114866 34.243039 34.371213 34.499386 34.627559 34.755733 34.883906 35 35 35 35 35 35 35 35 35 35 35 35 35 35 35 34.981804 34.713617 34.593157 34.472697 34.352237 34.231777 34.111316 33.990856 33.870396 33.749936 33.629476 33.509015 33.388555 33.268095 33.147635 33.027175 32.906714 32.786254 32.665794 32.613768 32.755024 32.896279 33.035443 33.130283 33.220701 33.309097 33.637058 33.970637 34.304217
35 35 35 35 35 35 35 35 35 35 35 34.849299 34.689702 34.530105 34.370509 34.210912 34.051315 34.109638 34.237812 34.365985 34.494159 34.622332 34.750506 34.878679 35 35 35 35 35 35 35 35 35 35 35 35 35 35 35 35 35 35 34.979284 34.858824 34.738363 34.617903 34.497443 34.376983 34.256523 34.136062 34.015602 33.895142 33.774682 33.654222 33.533761 33.413301 33.292841 33.172381 33.051921 32.93146 32.843214 32.984469 33.125725 33.26698 33.380467 33.474185 33.562581 33.822947 34.156526 34.490106
35 35 35 35 35 35 35 35 35 35 35 35 34.842487 34.682891 34.523294 34.363697 34.232585 34.360758 34.488931 34.617105 34.745278 34.873452 35 35 35 35 35 35 35 35 35 35 35 35 35 35 35 35 35 35 35 35 35 35 35 34.883569 34.763109 34.642649 34.522189 34.401729 34.281269 34.160808 34.040348 33.919888 33.799428 33.678968 33.558507 33.438047 33.317587 33.197127 33.082045 33.213915 33.355171 33.496426 33.630651 33.725018 33.816066 34.008836 34.342416 34.675995
35 35 35 35 35 35 35 35 35 35 35 35 34.995273 34.835676 34.676079 34.516482 34.483704 34.611877 34.740051 34.868224 34.996398 35 35 35 35 35 35 35 35 35 35 35 35 35 35 35 35 35 35 35 35 35 35 35 35 35 35 34.908315 34.787855 34.667395 34.546935 34.426475 34.306014 34.185554 34.065094 33.944634 33.824174 33.703714 33.583253 33.462793 33.34284 33.443361 33.584616 33.725872 33.867127 33.975202 34.06955 34.194725 34.528305 34.861884
35 35 35 35 35 35 35 35 35 35 35 35 35 34.988461 34.828864 34.669268 34.734824 34.862997 34.99117 35 35 35 35 35 35 35 35 35 35 35 35 35 35 35 35 35 35 35 35 35 35 35 35 35 35 35 35 35 35 34.933061 34.812601 34.692141 34.571681 34.451221 34.33076 34.2103 34.08984 33.96938 33.84892 33.728459 33.607999 33.672807 33.814062 33.955317 34.096573 34.225386 34.319752 34.41143 34.714194 35
35 35 35 35 35 35 35 35 35 35 35 35 35 35 34.98165 34.85777 34.985943 35 35 35 35 35 35 35 35 35 35 35 35 35 35 35 35 35 35 35 35 35 35 35 35 35 35 35 35 35 35 35 35 35 35 34.957807 34.837347 34.716887 34.596427 34.475967 34.355506 34.235046 34.114586 33.994126 33.873666 33.902252 34.043508 34.184763 34.326019 34.467274 34.569936 34.664302 34.900083 35
35 35 35 35 35 35 35 35 35 35 35 35 35 35 35 35 35 35 35 35 35 35 35 35 35 35 35 35 35 35 35 35 35 35 35 35 35 35 35 35 35 35 35 35 35 35 35 35 35 35 35 35 35 34.982553 34.862093 34.741633 34.621173 34.500713 34.380252 34.259792 34.139332 34.131698 34.272953 34.414209 34.555464 34.69672 34.82012 34.914486 35 35
35 35 35 35 35 35 35 35 35 35 35 35 35 35 35 35 35 35 35 35 35 35 35 35 35 35 35 35 35 35 35 35 35 35 35 35 35 35 35 35 35 35 35 35 35 35 35 35 35 35 35 35 35 35 35 35 34.886839 34.766379 34.645919 34.525459 34.404998 34.361144 34.502399 34.643654 34.78491 34.926165 35 35 35 35
35 35 35 35 35 35 35 35 35 35 35 35 35 35 35 35 35 35 35 35 35 35 35 35 35 35 35 35 35 35 35 35 35 35 35 35 35 35 35 35 35 35 35 35 35 35 35 35 35 35 35 35 35 35 35 35 35 35 34.911585 34.791125 34.670665 34.590589 34.731845 34.8731 35 35 35 35 35 35
35 35 35 35 35 35 35 35 35 35 35 35 35 35 35 35 35 35 35 35 35 35 35 35 35 35 35 35 35 35 35 35 35 35 35 35 35 35 35 35 35 35 35 35 35 35 35 35 35 35 35 35 35 35 35 35 35 35 35 35 34.936331 34.820204 34.96129 35 35 35 35 35 35.033208 35.312763
35 35 35.079124 35 35 35 35 35 35 35 35 35 35 35 35 35 35 35 35 35 35 35 35 35 35 35 35 35 35 35 35 35 35 35 35 35 35 35 35 35 35 35 35 35 35 35 35 35 35 35 35 35 35 35 35 35 35 35 35 35 35 35 35 35 35 35 35 35.047987 35.388216 35.72003
