PRACTICE_QGIS(데이터)/02.래스터/CTOUR_DEM.tif
NCOLS 235
NROWS 279
XLLCORNER 152631.95
YLLCORNER 73081.205
DX 9.9673957
DY 9.9760896
NODATA_VALUE -9999
[rows 108 to 134 of 279, columns 0 to 60 of 235]
-9999 179.61757 180.0385 180.01553 180 180 180 180 179.5264 178.6629 177.81051 176.96638 176.33023 175.88384 176.03169 176.31731 176.66133 176.67932 176.69732 176.71532 176.5515 176.51687 177.05413 177.65288 178.59482 180 180 180 180 180 180 180 180 180 180 179.65119 179.24827 178.58047 177.9203 177.09376 176.04626 172.5305 165 165 165 169.12167 175 175 175 175 175.16106 175.60738 176.05371 176.50003 176.94635 177.39268 177.839 178.44714 179.24388 180 180.1362
-9999 179.15375 179.58464 179.89497 180 180 180 179.48793 178.70511 177.87134 177.01977 176.21628 175.43933 175.1601 175.36884 175.68385 175.92411 175.94211 175.9601 175.9781 175.9961 175.64892 176.0209 176.13666 176.78331 178.86063 180 180 180 180 180 180 180 180 179.58029 178.93534 178.51315 177.87645 177.20864 176.54084 175.87551 172.27236 165 165 165 170.76217 175 175 175 175 175 175.07704 175.52337 175.96969 176.41601 176.86234 177.40689 177.9732 178.75613 179.62478 180.25507
-9999 178.69019 179.09926 179.35236 179.50723 179.60103 179.18683 178.81471 178.00201 177.07255 176.23748 175.37663 175 175 175 175.11172 175.18689 175.20489 175.22289 175.24088 175.25888 175.01409 174.61763 174.44455 174.62964 175.82988 178.4414 178.92573 179.59895 180 180 180 180 179.38869 178.58186 178.29438 177.76814 177.17244 176.50463 175.83682 175.16901 173.82088 163.62595 163.58993 163.7178 169.11974 175 175 175 175 175 175 175 175.43935 175.88567 176.20571 176.69978 177.29093 178.11591 179.22256 180
-9999 178.2254 178.60756 178.79893 178.93246 179.03497 178.85114 178.11748 177.60367 176.71993 175.6358 174.73156 174.37519 174.30866 174.24214 174.278 175 175 175 175 175 174.74915 173.49938 173.26057 173.35042 174.00135 175.48832 176.71312 177.6214 178.63335 179.12338 179.19024 178.79157 178.18304 177.68046 177.45911 177.02095 176.46842 175.80061 175.13281 175 174.32012 161.64892 160.87071 161.66008 164.54419 173.20724 175 175 175 175 175 175 175 175.00453 175.32498 175.81745 176.60703 177.71368 178.82034 179.92699
-9999 177.75266 178.06673 178.24434 178.35873 178.46716 178.27952 177.85509 177.04812 176.39264 175.43784 174.30316 173.30056 173.23404 173.16751 173.38889 174.25021 175 175 175 175 173.96031 172.71054 172.07658 172.07121 172.68069 173.86881 174.90697 175.9647 176.9953 177.5917 177.79206 177.447 176.94231 176.70395 176.3588 176.34992 175.76441 175.0966 175 175 171.2865 160.97453 161.14135 160.11872 162.38409 168.46159 174.17358 175 175 175 175 175 175 175 175 175 176.01652 177.19275 178.56882 179.94488
-9999 177.27993 177.50753 177.67889 177.78529 177.89372 177.73432 177.4626 176.81621 175.97877 175.1816 173.78459 172.59899 172.15941 172.09288 172.49978 173.08029 174.00689 175 175 173.74474 172.60759 171.89698 170.89407 170.80091 171.36004 171.93438 172.69626 174.0495 175.35725 176.1153 176.3834 176.0992 175.59991 175.27654 175.23012 175.33793 175.06039 175 175 174.43048 169.74539 164.06632 162.84952 161.33832 160.54362 169.75589 172.52969 174.16048 175 175 175 174.85398 174.65536 174.57991 174.50446 174.42901 175.01469 176.27473 177.75759 179.12952
-9999 176.79944 176.95938 177.10342 177.21185 177.32029 177.18913 176.94446 176.47201 175.74685 174.81354 173.26069 171.96362 171.08478 171.0283 171.50192 171.72824 172.70581 173.04967 173.13487 172.3443 171.03957 170.21837 169.75688 169.5492 169.60211 169.84624 170.51922 171.73725 173.19662 174.39302 174.95882 174.66213 174.19214 174.05841 174.4384 174.55451 174.33997 173.97206 173.14971 171.13347 168.03134 160.68855 159.58807 158.87197 159.28237 165.14623 171.31534 171.61267 174.09797 174.32982 174.30188 173.98997 173.6179 173.54244 173.46699 173.51166 174.23334 175.1275 176.26749 177.37435
-9999 176.27999 176.41367 176.52999 176.63842 176.74685 176.64393 176.39927 176.07407 175.45921 174.33616 172.61238 171.10412 170.14265 170 170.14987 170.37619 170.81512 171.09458 171.18255 170.7753 170 169.38993 168.67857 168.44532 168.47738 168.6928 169.09902 169.70696 170.9239 172.16242 173.05261 173.18555 172.894 173.40401 173.73297 173.89544 173.65955 172.84942 172.3938 170.55655 166.04052 159.31789 157.08473 156.42568 158.01601 164.97317 168.37052 172.64671 173.19092 173.4225 173.39819 173.05109 172.62603 172.50498 172.42953 172.74039 173.44723 174.01069 174.6884 175.57887
-9999 175.70716 175.84812 175.95655 176.06498 176.17342 176.09874 175.85407 175.60941 175.08893 173.62831 171.85624 170.11536 169.99839 169.27848 168.83576 169.05494 169.05704 169.16665 169.22237 169.17752 168.83101 168.44704 167.65243 167.34518 167.33898 167.51908 167.91585 168.50671 169.29452 170.38996 171.54176 171.72958 172.1574 172.86136 173.06869 173.22463 172.97913 172.169 171.35887 170.53123 165.98171 157.86659 155 155 157.24992 165.44367 171.02716 171.73967 172.28387 172.52654 172.49325 172.12434 171.70921 171.46751 171.39206 171.80614 172.39508 172.91269 173.61241 174.45132
-9999 175.12877 175.27468 175.38312 175.49155 175.59998 175.55354 175.30888 175.06421 174.19062 172.89771 171.2124 169.93422 169.21431 168.4944 167.77448 167.74555 167.4361 167.31744 167.2503 167.25152 167.23582 167.34128 166.70955 166.24499 166.17238 166.27396 166.62888 167.30645 168.17146 169.12072 170.30653 170.91078 171.61474 172.22223 172.42096 172.55381 172.29871 171.48858 170.67845 170 164.86966 155.83078 155 155 155 166.00466 170.28841 170.83262 171.37682 171.63059 171.58831 171.27227 170.8102 170.45592 170.45725 170.79874 171.246 171.81386 172.6278 173.57299
-9999 173.9383 174.70671 175 175 175.02655 175.00835 174.83029 174.18544 173.30313 172.26301 170.84401 169.50846 168.51414 167.71032 166.9904 166.43617 165.85462 165.46823 165.28139 165.32324 165.64063 165.74609 165.55858 165.14475 165.00577 165.02884 165.37867 166.09583 167.01216 168.21607 169.66928 170.36813 171.07209 171.5168 171.75015 171.883 171.61829 170.80816 170 170 165.7854 155 155 155 156.48318 165.93379 170 170 170.46977 170.73463 170.68337 170.36733 169.95193 169.39842 169.5214 169.74652 170.09692 170.80428 171.79643 172.62895
-9999 172.39967 172.87848 173.46326 173.50691 173.55458 173.22356 173.24576 173.00385 172.38588 171.32417 170.26247 169.46344 168.42588 167.41586 166.3829 165.48943 165 164.35521 164.10652 164.10162 164.53217 164.90548 164.47549 164.27027 164.14589 164.14478 164.3939 164.93574 166.01104 167.48541 168.97108 170 170.52943 170.89389 171.07933 171.21219 170.93787 170.12774 170 170 166.37444 157.26208 155 155 157.71666 165.52835 167.78816 168.78658 169.08978 169.56602 169.95599 170 168.75321 168.34745 168.50786 168.85706 169.32913 169.99889 170.95568 172.02374
-9999 170.76238 170.94951 171.60002 171.80276 171.7812 171.20737 171.6048 171.58702 171.40539 170.40693 170 169.49294 168.38881 167.28468 166.18055 165.13199 164.37113 163.53541 163.06406 163.01822 163.48802 163.8358 163.41612 163.34053 163.31004 163.26927 163.54831 163.96879 165.08182 166.46855 167.83392 168.89619 169.89088 170.24687 170.40852 170.54137 170.25745 170 170 169.8172 165.60713 159.21298 157.57687 155.43983 157.9265 163.57538 165.41446 166.53521 166.65538 167.48551 168.30641 168.551 167.55449 167.29649 167.63909 168.11613 168.78589 169.45931 170.1671 171.1772
-9999 168.5881 168.82774 169.61436 170.10836 169.6781 169.155 169.76597 170.0927 170.0906 169.96253 169.71932 169.11015 168.17042 167.13866 166.05506 164.944 163.55133 162.71561 162.03693 161.93482 162.2943 162.62301 162.35675 162.41078 162.49353 162.39377 162.70785 163.03261 163.96569 165.40747 166.38559 167.35006 168.14774 168.74397 169.09816 169.55495 169.83764 169.69965 168.75395 166.40484 162.6352 158.28044 157.00153 155.72262 158.57299 161.87271 163.51871 164.51702 165 165.848 166.65683 166.76468 166.35578 166.42112 166.90313 167.57636 168.26642 169.0098 169.76744 170.49735
-9999 166.29132 166.64794 167.28456 167.45395 167.58942 167.20767 167.76922 168.39017 168.49847 168.7826 168.62682 168.21527 167.56921 166.6778 165.7087 164.59934 163.27478 161.95763 161.07104 160.85141 161.02265 161.39053 161.32809 161.48103 161.63398 161.51827 161.81375 162.04928 162.85774 164.58337 165 165.6221 166.15122 166.58655 166.7917 167.05034 166.59804 165.48538 164.42991 162.60999 159.49888 156.4324 155.15348 155 157.19961 160.64517 162.2326 162.98207 163.77041 164.48994 164.955 165 165.11229 165.69342 166.38347 167.07352 167.81491 168.57255 169.34741 170
-9999 164.0691 164.42207 164.76248 164.82914 164.95896 165.27692 166.03377 166.73335 167.08947 167.56797 167.50073 167.18389 166.70131 166.02827 165.14974 163.89339 162.52539 161.20445 160.24522 160 160 160.15805 160.39835 160.55129 160.70423 160.65445 160.69055 160.70967 161.57331 162.06087 162.6593 163.37124 163.94768 164.3377 164.51284 164.11851 163.22568 162.34759 161.01245 159.27076 157.18793 155 155 155 156.54383 159.52845 160.72111 161.44711 162.28217 162.98616 163.70707 164.2029 164.69873 165.19057 165.88062 166.62002 167.38437 168.10471 168.86792 169.48637
-9999 161.86004 162.32798 163.09928 163.24203 163.39471 163.87389 164.56598 165.24291 165.71828 166.19678 166.32775 166.0578 165.69141 165.18735 164.29011 162.98928 161.70783 160.36655 159.7181 160 160 160 160 160 160 159.87444 159.61287 159.52662 159.61294 159.81343 160.20511 160.93482 161.45594 161.73779 161.82102 161.28357 160.21931 158.73117 157.14813 155.46707 154.43291 153.58369 153.49916 153.80817 155.73699 158.24264 159.07 159.98025 160.77894 161.82039 162.49207 163.12856 164.03305 164.93265 165.42355 166.24907 167.06706 167.77075 168.47675 169.18276
-9999 159.7982 160.42252 161.19969 161.65493 161.96195 162.62843 163.33111 163.94297 164.38849 164.83665 165.14963 164.91584 164.52543 163.92397 163.16831 162.2841 160.98024 159.55085 158.44823 158.73821 159.02818 159.31816 159.99467 160 159.41192 158.94578 158.60786 158.52903 158.65654 158.72778 158.51979 159.01566 159.12649 159.30952 158.83525 157.98086 156.77639 155.18654 154.21488 154.08015 152.75253 151.844 151.36846 152.74201 155.66186 156.9438 158.06792 159.19204 160 160.78124 161.71657 162.61618 163.51579 164.4154 165.26621 166.06858 166.76113 167.46713 168.17314 168.87914
-9999 158.45256 158.94125 159.49832 160.06782 160.71186 161.38541 162.08036 162.67221 163.10424 163.5524 163.76461 163.52798 163.13783 162.60285 161.83929 161.06514 160.21832 158.92968 157.69685 157.46834 157.75831 157.9961 158.38021 158.22732 158.33496 157.98251 157.60285 157.54539 157.72042 157.49578 157.26074 157.41017 157.26972 157.23284 156.15184 154.84639 153.99292 153.24294 152.35738 152.55991 152.30957 150.97001 150 151.65661 155.38101 156.4151 157.39781 158.40384 159.52796 160.54399 161.58263 162.62127 163.65991 164.69855 165.0898 165.75559 166.45751 167.16352 167.86952 168.57553
-9999 157.10691 157.57964 158.13671 158.77708 159.45152 160.16793 160.82049 161.3942 161.81999 162.15921 162.29358 162.13718 161.75016 161.28173 160.51027 159.78659 159.16498 158.00337 156.7556 156.19847 156.46675 156.64607 156.59201 156.1102 157.1172 156.79795 156.6026 156.56353 156.49882 156.26378 156.02874 155.79497 155.56966 154.84641 153.6204 152.55071 151.92114 151.30821 150.77335 151.03966 151.30598 150.52704 150 154.67797 155.44735 156.50198 157.55661 158.61124 159.60239 160.72404 161.91444 163.05193 164.09057 165 165.23386 165.96232 166.63302 167.37126 168.01005 168.64883
-9999 155.74233 156.21803 156.82292 157.50401 158.34384 159.04316 159.59801 160.11618 160.50723 160.74179 160.82256 160.74639 160.35937 159.96392 159.33784 158.71175 158.09359 157.09923 155.73691 155 155.08862 154.9974 154.85608 155 155.45305 155.58922 155.63586 155.50185 155.26682 155.03178 154.71632 154.38829 153.30479 152.38079 151.20136 150.23717 150 150 150 150 150 150.05204 152.07412 155 155.47587 156.58506 157.65211 158.71915 159.78069 161.01032 162.27112 163.45211 164.56189 165.1105 165.78714 166.44975 167.11902 167.76565 168.34765 168.95473
-9999 154.57677 154.90706 155.60236 156.4986 157.33377 157.88862 158.72839 159.07903 159.32735 159.52423 159.55498 159.48464 159.13288 158.80634 158.263 157.63691 157.0222 156.26421 154.83313 153.98826 153.78707 153.73103 153.75617 153.97531 154.27989 154.47198 154.58157 154.27605 153.65292 153.32489 152.99685 152.66882 151.06638 149.83547 150 150 150 150 150 150 150.83323 151.76829 153.02088 155 155.3045 156.44083 157.57716 158.71349 159.82966 161.10367 162.41699 163.72848 165 165.40081 166.22449 167.04816 167.7196 168.39505 168.98205 169.56898
-9999 153.6542 154.02859 154.62896 155.62437 156.50985 157.26905 157.81913 158.06596 158.27984 158.55494 158.54547 158.3984 157.96364 157.63827 157.13121 156.56207 155.95081 155.40365 153.74798 152.6426 152.47732 152.46465 152.65625 152.97748 153.30882 153.43692 153.55465 153.30708 152.8793 152.28688 151.4457 150.94935 149.20083 147.3605 148.769 150 150 150 150.40181 151.38224 152.36267 153.3431 154.34228 155 155.13314 156.26946 157.37054 158.36942 159.62764 160.93595 162.26333 163.56937 164.99335 165.69111 166.51479 167.33847 168.16215 168.92228 169.64993 170.41547
-9999 152.73164 153.06838 153.89226 155.0971 155.8097 156.52231 156.76857 157.04581 157.30684 157.58565 157.53596 157.31215 156.86806 156.46903 155.99224 155.43484 154.85807 154.08686 152.66284 151.23314 151.18137 151.30794 151.56644 152.05909 152.2733 152.4014 152.52444 152.25445 151.91033 151.48255 151.05478 150.25713 146.92441 145 146.77833 148.79192 150 150.43345 150.82585 151.33885 152.31927 153.2997 154.28013 155 155 155.66782 156.76483 157.96505 159.10985 160.17958 161.53581 162.89205 164.47512 165.5929 166.4707 167.34849 168.22628 169.12476 170.18888 171.59468
-9999 151.8232 152.10299 153.24185 154.68919 155.06297 155.59693 155.73963 156.01148 156.38128 156.61135 156.52644 156.2306 155.79303 155.29979 154.82608 154.13352 153.44759 152.30381 151.01057 150 150 150.21365 150.6825 151.10969 151.23779 151.36588 151.49398 151.24062 150.94136 150.51358 150.0858 149.29745 145 145 147.15477 149.3319 150 150.30408 151.32858 151.71386 152.27588 153.25631 154.23674 155 155 155.12981 156.32771 157.35371 158.37971 159.40571 160.6198 162.22611 163.82047 165.45138 166.57408 167.54017 168.52365 169.50712 170.74446 172.30725
-9999 150.92017 151.30146 152.36601 153.13046 153.80095 154.13233 154.5587 155.04481 155.43269 155.6362 155.47894 155.17433 154.64082 154.00858 153.43903 152.76056 152.046 151.06144 149.86106 149.50053 149.14 149.26034 150 150.07417 150.20227 150.33037 150.45846 150.23335 149.88816 150 150 147.50299 145.98377 145.41666 148.03378 150 150 150.1073 151.14746 152.18763 152.60187 153.21291 154.19334 155 155 155.28 156.12803 157.13141 158.13478 159.13815 160 161.50675 163.29733 165.06164 166.42942 167.7972 169.16498 170.37648 171.63528 173.20659
-9999 149.93067 150.04283 150.72552 151.3773 151.91008 152.48226 153.011 153.58709 154.16187 154.4935 154.24224 153.84801 153.27715 152.63933 152.05383 151.48722 150.69654 149.92846 148.9427 148.41451 148.05398 148.44337 149.5898 150 150 150 149.80208 148.04181 147.97329 147.99993 150 148.80023 147.12663 145.45303 147.82574 150 150 150 150.95068 151.99085 153.03101 153.51663 154.14995 155 155 155.63972 156.42927 157.17743 157.99458 158.91352 159.9169 161.16004 162.88117 164.6023 166.21947 167.84408 169.50514 171.06924 172.58294 173.97213
