PRACTICE_QGIS(데이터)/02.래스터/CTOUR_DEM.tif
NCOLS 235
NROWS 279
XLLCORNER 152631.95
YLLCORNER 73081.205
DX 9.9673957
DY 9.9760896
NODATA_VALUE -9999
[rows 243 to 269 of 279, columns 122 to 182 of 235]
107.57216 107.56024 107.74728 107.88035 107.54943 107.24809 107.19985 107.45314 107.26138 106.66888 106.56075 106.51726 106.41774 106.24217 106.13541 106.37135 106.60724 106.91431 107.12871 107.33911 107.60474 107.89937 108.24333 108.5027 108.76241 109.00262 109.24282 109.52958 109.94133 110 110 110 110 110 110 110 110.04536 111.0021 111.95884 112.91558 113.37938 113.42285 113.51357 113.70018 113.86905 114.21101 114.56247 114.88355 115.02789 115.50832 115.80792 116.02706 116.0795 116.18713 116.36723 116.64258 116.96933 116.95437 116.93622 116.87407 116.87487
106.23617 106.25506 106.60006 106.84164 106.51071 106.1812 106.03227 106.27701 106.08526 105.82887 105.5928 105.5478 105.44829 105.33825 105.39485 105.63074 105.86663 106.13689 106.34363 106.56497 106.83182 107.17367 107.41032 107.6806 107.92481 108.16502 108.48312 108.76502 109.15898 109.58723 110 110 110 110 110 110 110 110.47895 111.43569 112.39243 112.59873 112.64855 112.83516 113.02177 113.19483 113.54629 113.91263 114.16541 114.41828 114.64087 114.85569 115.02267 115.24164 115.37521 115.55532 115.82275 115.90542 115.88727 115.86912 115.82479 115.89412
105.02495 105 105.45284 105.73167 105.472 105.14108 105 105.10089 105 105 105 105 105 105 105 105 105.12602 105.35305 105.55856 105.79083 106.0589 106.34066 106.57731 106.84701 107.08722 107.41295 107.75368 108.00046 108.37664 108.80489 109.23314 109.54914 109.83655 110 110 110 110 110 110.91255 111.74264 111.81809 111.97015 112.15676 112.34337 112.53011 112.88156 113.19432 113.44727 113.68147 114.0146 114.20704 114.31095 114.5387 114.72672 114.91455 115 115 115 115 115 115
104.25958 103.59544 103.79363 104.24746 104.72709 104.95334 104.30707 103.89421 103.99894 104.02977 104.08515 104.18305 104.44639 104.49426 104.38655 104.27884 104.17113 104.40523 104.68815 105.01669 105.27101 105.50765 105.7443 106.00941 106.34277 106.6835 107.00875 107.2359 107.59429 108.02254 108.39455 108.68195 109.05445 109.44101 109.67813 109.91525 110 110 110.3894 110.98812 111.10513 111.29174 111.47835 111.66496 111.86538 112.22368 112.47618 112.72207 113.06675 113.5398 113.5777 113.53359 113.76621 113.94885 114.1115 114.44426 114.68818 114.92906 115 114.90032 114.72904
103.81217 101.71596 101.78577 102.26494 102.81343 103.30219 102.90637 102.64413 102.92229 103.15324 102.85798 102.95588 103.19426 103.42054 103.20498 103.09727 103.0224 103.32441 103.62566 103.96418 104.99349 105 105 105.2726 105.61332 105.95405 106.24419 106.47134 106.81194 107.2402 107.52736 108.00643 108.50788 108.78673 109.02385 109.26728 109.75343 110 110 110.24012 110.42673 110.61334 110.79995 110.98656 111.20066 111.50523 111.76267 112.11891 112.62315 112.96909 112.94837 112.75622 112.98885 113.17099 113.30845 113.58991 113.80056 113.90893 114.04319 113.92409 113.74168
103.36476 100.94202 100 100.34765 100.89615 101.42134 101.50566 101.49486 101.81059 102.08905 101.88877 101.72871 101.92002 102.33351 102.07384 101.9157 101.94147 102.24359 102.56654 102.87069 104.02825 105 105 105 105 105.2246 105.47963 105.70678 106.0296 106.37277 106.95841 107.52155 107.85715 108.13245 108.36957 108.64062 109.12676 109.61291 110 110 110 110 110.12154 110.30815 110.53473 110.78694 111.17107 111.67531 112.17955 112.36276 112.31903 112.11926 112.21148 112.39313 112.5054 112.74057 112.83039 112.8888 112.84666 112.92035 112.75432
100 100 100 99.991978 99.913035 99.880573 100.10496 100.41821 100.74338 101.02184 101.01223 100.62429 100.68362 101.09712 101.02501 100.73412 100.86054 101.17611 101.50755 101.72949 103.06301 104.73877 105 105 105 105 105 105 105.27212 105.91038 106.53468 106.91444 107.21518 107.47817 107.68615 108.01395 108.5001 108.98625 109.45894 109.91428 110 110 110 110 110 110.22322 110.72747 111.23171 111.60907 111.75057 111.6897 111.48993 111.43412 111.59743 111.70235 111.89123 111.86021 111.86867 111.64837 111.86799 111.76696
99.57994 99.577187 99.500496 99.421553 99.34261 99.391738 99.411123 99.484338 99.743558 99.964069 100.1357 100 100 100 100 100 100 100.11699 100.44891 100.58829 102.09777 104.52888 105 105 105 105 105 105 105 105.50062 105.92757 106.25534 106.5732 106.82388 107.001 107.38729 107.87344 108.3339 108.69535 109.03993 109.3845 109.6374 109.96375 110 110 110 110.28387 110.78811 111.03837 111.13838 111.06036 110.86059 110.66082 110.76824 110.84013 111.00757 110.89003 110.84854 110.44803 110.77302 110.77668
98.994378 98.990599 98.930071 98.851128 98.772186 98.902904 98.777079 98.641147 98.91586 99.118947 99.304493 99.323024 99.526774 99.730524 99.960646 100 100 100 100 100 100 105 105 105 105 105 105 105 105 105 105.32046 105.61336 105.93122 106.13931 106.31585 106.76063 107.20886 107.47856 107.86472 108.28916 108.54395 108.61416 108.89174 109.19469 109.38767 109.73217 110 110.24905 110.4662 110.5262 110.43102 110.23125 110.03149 110 110 110.03739 110 110 110 110 110
98.408817 98.404012 98.359647 98.280704 98.263881 98.285557 98.143034 98.000512 98.072669 98.273825 98.434515 98.485777 98.689527 98.892229 99.129882 99.466687 99.918941 100 100 100 100 100.58499 102.25996 103.93493 104.92794 104.72027 104.51261 104.30494 104.09728 104.28695 104.58634 104.96795 105.27762 105.45416 105.64782 106.08382 106.35352 106.68456 107.19381 107.45051 107.52072 107.59093 107.81974 108.122 108.36999 108.71586 109.06901 109.44572 109.85442 109.84744 110 110 110 110 110 110 110 110 109.82382 109.34231 109.40263
97.823255 97.817424 97.789222 97.710279 97.775046 97.651513 97.50899 97.366467 97.229478 97.428703 97.56506 97.64853 97.85228 98.056575 98.307766 98.76002 99.212273 99.664527 100 100 100 100.83203 102.25736 103.39021 103.7525 103.58017 103.37251 103.16484 103.16151 103.44458 103.89277 104.24883 104.51215 104.73309 105 105.22848 105.49818 105.98438 106.35707 106.42728 106.49749 106.5677 106.74773 107.04931 107.35368 107.70885 108.16729 108.85171 109.19068 108.7708 108.77803 108.95395 109.09007 108.99648 108.97638 109.18045 109.53211 109.09591 108.6144 108.2553 108.27422
97.237694 97.230837 97.218797 97.139855 97.159992 97.017469 96.874946 96.732423 96.5899 96.583581 96.695853 96.811283 97.01296 97.229772 97.601099 98.053353 98.505606 98.95786 99.410113 99.862367 100 100.44346 101.49807 102.15898 102.51306 102.44007 102.2324 102.02474 102.31204 102.75648 103.17366 103.46816 103.6891 104.07223 104.54395 105 105 105.26362 105.33383 105.40404 105.47425 105.54446 105.63903 105.9915 106.34869 107.00375 107.68817 108.2269 108.48389 108.05244 107.65033 107.64883 107.82413 107.55995 107.53985 107.78092 108.03255 107.88649 107.40498 107.19575 107.11623
96.676642 96.64425 96.648373 96.647188 96.525948 96.383425 96.240902 96.098379 95.955856 95.817809 95.826646 95.973225 96.173424 96.442178 96.894432 97.346685 97.798939 98.251193 98.703446 99.1557 99.607953 100 100.46729 100.92776 101.27363 101.33332 101.0923 101.18305 101.56507 102.09848 102.42418 102.64512 103.11573 103.58745 104.05917 104.53089 105 105 105 105 105 105 105 105.15578 105.8402 106.52463 107.20905 107.56871 107.76552 107.33407 106.90262 106.58278 106.55526 106.29698 106.10333 106.31886 106.53298 106.67608 106.23353 106.1362 106.03888
96.141254 96.057662 96.077948 96.034427 95.891904 95.749381 95.606858 95.464335 95.321812 95.179289 95 95.13369 95.333889 95.735511 96.187764 96.654601 97.16427 97.67394 98.183609 98.693278 99.170275 99.366721 99.59939 99.840861 100.03419 100.21442 100.0435 100.37366 100.93801 101.38019 101.6875 102.15923 102.63095 103.10267 103.59334 104.08497 104.57006 104.63733 104.94493 105 105 105 105 105 105.36108 106.0455 106.59937 106.91053 107.04716 106.61571 106.18426 105.75281 105.28496 105.03104 105 105 105.03342 105.23322 105.17398 105.07665 105
95.605866 95.471075 95.51933 95.400382 95.257859 95.115337 95 95 95 95 95 95 95 95.237398 95.747067 96.256736 96.766406 97.276075 97.785745 98.295414 98.501074 98.712265 98.953736 99.307833 99.871005 100 100 100 100.30419 100.731 101.2142 101.69929 102.18438 102.66947 103.15456 103.63965 103.74423 103.55194 103.85375 104.13921 104.42467 104.64248 105 105 105 105.56638 105.94119 106.25234 106.32879 105.89734 105.46589 105.03444 105 105 104.66523 104.4359 104.23851 104.47943 104.90864 105 105
95.070478 95 95 95 95 95 95 95 95 95 95 95 95 95 95.349203 95.858872 96.368541 96.878211 97.38788 97.653157 97.834914 98.066611 98.382495 98.945667 99.508839 100 100 100 100 100.28378 100.76887 101.25396 101.73905 102.22414 102.70923 103.06886 102.83968 102.60545 102.76257 103.04803 103.12841 103.26656 103.64203 103.31549 102.96154 104.93622 105.283 105.59416 105.61043 105.17898 105 105 105 104.31103 103.61923 103.456 103.28258 103.41537 103.83798 104.2909 104.23177
94.732636 94.373027 94.295165 94.499519 94.703873 94.908226 95 95 95 95 95 95 95 95 95 95.461008 95.970677 96.480346 96.793406 96.982732 97.179486 97.457157 98.020329 98.583501 99.146673 99.709846 100 100 100 100 100.32355 100.80864 101.29373 101.77882 102.19938 102.16935 101.93512 101.7009 101.67424 101.95686 101.7251 101.89064 102.00435 101.37188 100.73941 100 100 100.78153 105 105 105 105 104.22 103.00792 102.50187 102.4761 102.32664 102.35132 102.76733 103.07615 103.25428
94.030013 93.597995 93.557591 93.757543 93.961897 94.166251 94.370604 94.297629 94.459088 94.54878 94.618373 94.687967 94.757561 95 95 95.063143 95.572813 95.933655 96.136039 96.304494 96.534259 97.094991 97.658163 98.221335 98.784507 99.335138 99.741532 100 100 100 100 100.36332 100.84841 101.33212 101.49902 101.2648 101.03057 100.79634 100.61571 100.5951 100.3218 100.51471 100.06075 100 100 100 100 100 100 100 100 101.83748 103.07769 101.70481 101.38452 101.4962 101.37071 101.28726 101.64155 101.84766 102.09957
93.32739 92.822963 92.834663 93.015567 93.219921 93.424275 93.464623 93.146094 93.247092 93.439378 93.508972 93.578566 93.771136 94.113428 94.455721 94.823284 95.073904 95.276288 95.464391 95.646706 96.169652 96.732824 97.26737 97.791268 98.165479 98.458979 98.65597 99.054475 99.416822 99.741515 100 100 100.40308 100.69138 100.59447 100.36024 100.12602 100 100 100 100 100 100 100 100 100 100 99.906082 99.7636 99.621119 99.478637 99.472652 99.743072 100 100.26716 100.53384 100.41477 100.2957 100.40602 100.61724 100.87365
92.624767 92.047931 92.109043 92.273592 92.477946 92.682299 92.39686 92.078331 92.059225 92.311729 92.399571 92.469165 92.787135 93.129428 93.718346 93.990549 94.25896 94.516002 95 95.199602 95.7235 96.247398 96.647896 96.941396 97.234896 97.531314 97.572919 97.930545 98.178125 98.491799 98.875452 99.259104 99.927037 100 100 100 100 100 100 100 100 100 100 99.806317 99.649325 99.506843 99.364362 99.221881 99.079399 98.936918 98.879435 98.727311 98.987 99.257419 99.528838 99.732411 99.944847 100 99.901186 99.766612 99.769492
91.922145 91.272899 91.380724 91.531616 91.73597 91.647627 91.329097 91.010568 90.871358 91.123862 91.29017 91.447761 91.849153 92.612765 92.886289 93.157814 93.424056 93.775124 94.373153 94.786042 95.130314 95.423814 95.717314 96.010814 96.329913 96.480896 96.489868 96.79268 96.930752 97.242083 97.625735 98.049453 99.044539 99.98416 100 100 100 100 100 100 100 99.897209 99.513232 99.129256 98.969173 98.822642 98.680161 98.537679 98.395198 98.266261 98.282364 98.096265 98.230927 98.501347 98.756589 98.921661 99.134096 99.302449 99.216602 99.082027 98.967294
90.926816 90.497867 90.652405 90.78964 90.898393 90.579864 90.261334 90 90 90 90.180768 90.580445 91.336818 91.784915 92.054232 92.325079 92.589153 93.091463 93.512356 93.896507 94.192616 94.488725 94.784835 95.080231 95.309948 95.351263 95.398186 95.649695 95.695233 95.992367 96.367419 97.156735 97.888396 98.294462 98.768633 99.233554 99.698474 100 100 100 99.716752 99.332775 98.948799 98.564823 98.299684 98.138441 97.99596 97.853478 97.710997 97.669189 97.685292 97.511097 97.474855 97.745275 97.951778 98.110911 98.334069 98.531374 98.500008 98.397443 98.262868
89.740154 89.821117 89.943421 90.057554 90 90 90 90 90 90 90 90.060871 90.683541 90.952858 91.222176 91.492344 91.807868 92.249773 92.626332 92.957651 93.25376 93.549869 93.903322 94.282589 94.485697 94.336075 94.288755 94.471714 94.523464 94.773428 95.268932 95.992326 96.217722 96.536911 96.990498 97.455418 97.932254 98.605936 99.122746 99.199505 99.121664 98.768342 98.384366 98.00039 97.616413 97.45424 97.311759 97.169277 97.056015 97.072118 97.08822 96.921687 96.718782 96.990164 97.136162 97.30016 97.629076 97.760298 97.728933 97.697568 97.578284
89.168902 89.278299 89.400604 89.478789 89.630955 89.818931 89.988498 90 89.96345 89.912906 89.862363 89.811819 89.911664 90.120801 90.390119 90.659609 91.030576 91.358539 91.722685 92.018794 92.370406 92.749673 93.128941 93.508209 93.754486 93.325412 93.26032 93.369167 93.431152 93.708064 94.261145 94.550458 94.870285 95 95.346903 95.991053 96.635203 97.279353 97.790677 98.137719 98.048038 97.970197 97.819933 97.435956 97.05198 96.769523 96.627558 96.485076 96.458943 96.475046 96.491148 96.332277 95.96271 96.199468 96.320546 96.48941 96.924083 96.989223 96.957858 96.926492 96.8937
88.628096 88.735482 88.841217 88.900367 89.039208 89.227184 89.370483 89.49235 89.441807 89.391263 89.340719 89.290175 89.41676 89.576949 89.737137 89.91513 90.126393 90.468994 90.83749 91.216757 91.596025 91.975293 92.35456 92.733828 93.051985 92.592205 92.251395 92.27814 92.338841 92.711999 93.260292 93.4433 93.799109 94.621301 95 95 95.30862 95.95277 96.43794 97.053133 96.974412 96.896571 96.81873 96.74089 96.487547 96.10357 95.943357 95.845769 95.861872 95.877974 95.894076 95.742867 95.308904 95.383851 95.50493 95.76142 96.21909 96.218148 96.186782 96.155417 96.124052
88.08729 88.192664 88.273921 88.3207 88.447461 88.635437 88.752467 88.904439 88.920163 88.869619 88.819075 88.768531 88.921857 89.082046 89.242234 89.578233 90 90 90.063109 90.442376 90.821644 91.200912 91.580179 91.959447 92.322181 91.95543 91.335489 91.218654 91.242479 91.653251 92.280874 92.339721 92.727934 93.550125 94.992466 95 95 95 95.231503 95.90229 95.900785 95.822945 95.745104 95.667263 95.589423 95.511582 95.259155 95.248697 95.2648 95.280902 95.297004 95.153457 95 95 95 95.056427 95.478438 95.447072 95.415707 95.384342 95.352976
87.546484 87.649847 87.704404 87.741034 87.855714 88.010807 88.140056 88.302321 88.398519 88.347975 88.297432 88.266765 88.426954 88.587142 88.809245 89.241336 89.673428 89.94682 90 90 90.047263 90.426531 90.805799 91.185066 91.559835 91.318655 90.698714 90.15853 90.168478 90.656355 91.247358 91.263001 91.656758 92.695435 93.682982 94.166716 94.609172 94.769861 94.807281 94.8447 95 95 95 95 95 95 95 95 95 95 95 94.632988 94.478462 94.454871 94.43128 94.55686 94.713475 94.986354 95 95 95
