PRACTICE_QGIS(데이터)/02.래스터/CTOUR_DEM.tif
NCOLS 235
NROWS 279
XLLCORNER 152631.95
YLLCORNER 73081.205
DX 9.9673957
DY 9.9760896
NODATA_VALUE -9999
[rows 189 to 215 of 279, columns 0 to 60 of 235]
125.09683 126.39768 127.69853 128.99939 130.00607 130.84634 131.68661 132.52689 133.36979 134.2178 135.02218 135.92504 136.79266 137.67652 138.53968 139.29852 140 140 140 140.85163 141.93198 143.00913 143.91898 144.96638 145 145 145 145 145 145 145 145 145 145 145 145 145 146.2464 148.20258 150 150 150.43467 151.11849 152.93136 154.69369 156.61539 158.38281 159.89159 161.71145 163.29164 164.37375 165.71287 167.37366 169.12353 171.04048 173.12179 175.36422 177.61018 179.85144 181.60999 183.31795
125.10317 126.40402 127.70487 129.00572 130 130.58197 131.42225 132.26252 133.10279 133.97496 134.8746 135.69519 136.4472 137.19921 137.95123 138.72485 139.48719 140 140.38652 141.46686 142.54721 143.62755 144.65757 145 145 145 145 145 145 145 145 145 145 145 145 145 145 145.62137 147.1427 148.55799 148.84454 148.7437 149.36697 150.45885 152.64546 154.53651 156.45146 158.15734 160.17002 161.676 162.92792 164.39083 166.01045 167.71973 169.51587 171.65425 173.9324 176.21927 178.52331 180.60939 182.49906
125.10951 126.41036 127.71121 129.05741 130 130.31761 131.15788 132.01019 132.84301 133.71919 134.41491 135.09991 135.85192 136.60613 137.30828 138.07228 138.85614 139.68397 140.73858 141.83156 142.92454 144.01752 145 145 145 145 145 145 145 145 145 145 145 145 145 145 145 145 145 145.80282 146.78013 147.29092 148.21388 149.21328 150.59723 152.48828 154.44617 156.37559 158.39268 160.17382 161.50341 162.833 164.50483 166.34086 168.11751 169.67515 171.98579 174.72738 177.10405 179.18904 181.23604
125.11585 126.4167 127.72432 128.56446 129.28887 130.05324 130.8033 131.50881 132.09538 132.68195 133.52181 134.62646 135.2388 135.89415 136.68575 137.49558 138.38066 139.3553 140.34776 141.43972 142.53168 143.70711 144.87682 145 145 145 145 145 145 145 145 145 145 145 145 145 145 145 145 145 145.25613 146.21126 147.16638 148.20777 149.43155 151.14359 152.80798 154.48482 156.47391 158.32815 159.78785 161.13635 162.78134 164.97275 166.66161 168.43652 170.1911 172.95549 175.55244 177.59586 179.50476
125.12219 126.22827 126.80028 127.26795 128.09938 129.29369 130 130.47156 131.05813 131.63543 132.30514 133.1543 134.21932 135.32519 136.13503 137.07481 138.00556 138.93632 139.86707 141.01025 142.18912 143.34195 144.49478 145 145 145 145 145 145 145 145 145 145 145 145 145 145 145 145 145 145 145.16375 146.12546 147.33784 148.56065 149.85106 151.52518 153.13278 154.69628 156.46548 157.92518 159.38487 161.09908 163.16409 165.50353 167.26131 168.94288 171.07306 173.88093 176.09138 177.90411
124.21836 125.0361 125.37448 126.06881 127.28193 128.34027 129.25631 129.80408 129.94239 130.20071 130.91863 132.02771 133.33221 134.73056 135.85242 136.86767 137.8669 138.86614 139.86538 140.83442 141.93835 143.04229 144.14622 145 145 145 145 145 145 145 145 145 145 145 145 145 145 145 145 145 145 145 145.14417 146.34562 147.63603 149.01629 150.3607 152.09852 153.523 154.73561 156.10516 157.45296 159.15634 161.20528 163.96096 166.0566 167.69848 169.67825 172.54369 174.61244 176.34756
122.46849 123.26393 123.64334 125.0563 126.12435 126.75433 127.46796 128.21786 128.58128 128.98485 129.95021 131.27157 132.78036 134.53744 135.80531 136.88799 137.97066 139.00818 140 140.7393 141.77236 142.80541 143.83846 144.38669 144.35577 145 145 145 145 145 145 145 145 145 145 145 145 145 145 145 145 145 145 145.8388 147.21369 148.35268 149.65207 151.09517 152.37824 153.66234 154.44818 155.52706 157.43792 159.44466 161.9027 164.47711 166.67974 168.81662 171.01857 172.96996 174.8041
120.69884 121.44307 121.78791 123.25197 124.21527 124.96234 125.92795 126.71341 127.23288 128.05935 129.14685 130.74371 132.71501 134.68632 135.90796 136.98775 138.0602 139.11511 140 140.41496 141.44802 142.48054 143.02321 143.35061 143.87182 144.56948 145 145 145 145 145 145 145 145 145 145 145 145 145 145 145 145 145 145.30589 146.4221 147.7045 148.90392 150.14535 151.47578 152.4836 153.37043 154.44314 156.10756 158.21803 159.9966 162.69379 165.50802 167.66168 169.63898 171.4316 173.20677
119.10423 119.644 119.93682 120.95646 121.53451 121.85843 123.62107 125.45611 126.1685 127.15747 128.76595 130.4963 132.56143 134.59941 135.82244 136.81582 137.77607 138.77188 139.69986 140.09062 141.07757 141.60259 142.35557 142.69021 143.38786 144.08552 144.78318 145 145 145 145 145 145 145 145 145 145 145 145 145 145 145 145 145 145.92491 147.238 148.37475 149.41695 150.51902 151.568 152.70161 153.89131 155.14389 156.6964 158.5835 160.81585 164.03602 166.34461 168.20848 169.79892 171.57898
117.62211 118.03822 118.42146 119.17487 120 120 122.1807 125 125.29017 126.94313 128.62789 130.3827 132.21548 133.92485 135.33728 136.28879 137.31885 138.19667 138.9936 139.67303 140.18983 140.89439 141.47936 142.20625 142.90391 143.60156 144.29922 144.99688 145 145 145 145 145 145 145 145 145 145 145 145 145 145 145 145 145.73105 146.75805 147.78506 148.81206 149.83907 150.97276 152.10094 153.05218 154.0066 155.16337 157.09201 159.17581 162.12316 164.97706 166.72479 168.25143 169.94459
116.13999 116.43244 117.10426 118.03765 119.4967 120 121.75002 124.36232 125.48584 127.09176 128.75833 130.39363 131.81584 133.23806 134.76643 135.8303 136.68927 137.47623 138.26331 138.80181 139.50102 140.29808 141.02464 141.7223 142.41995 143.11761 143.81527 144.51292 145 145 145 145 145 145 145 145 145 145 145 145 145 145 145 145 145.61664 146.53493 147.45322 148.37151 149.28828 150.18141 151.01042 151.83977 152.63254 153.81469 155.47601 157.67791 160.23745 163.04786 165.10103 166.67536 168.25584
115 115 115.8574 117.25822 118.75268 120.4115 122.25439 123.95635 125.52114 127.23799 128.95483 130.55641 131.97862 133.26823 134.29632 135.18186 136.01617 136.85358 137.49429 138.27682 139.06947 139.93961 140.71839 141.36236 142.00634 142.65031 143.33131 144.02897 144.72663 145 145 145 145 145 145 145 145 145 145 145 145 145 145 145 145.03539 145.95368 146.87197 147.79026 148.70154 149.25054 149.78005 150.30748 151.12575 152.4852 154.02276 156.19247 158.97674 161.41496 163.62429 164.9568 166.44532
114.76214 115 115 116.81197 118.81459 120 121.4463 123.36512 125.36224 127.39849 129.12567 130.62811 131.71187 132.71613 133.6086 134.69612 135.49845 136.35458 137.22491 138.09524 138.96557 139.83591 140.66663 141.48814 142.30966 143.01337 143.6573 144.30127 144.94525 145 145 145 145 145 145 145 145 145 145 145 145 145 145 145 145 145.37243 146.29072 147.20753 147.78045 148.3202 148.88513 149.26703 149.77646 150.99557 152.79122 155.18145 158.27616 160.8711 162.58704 163.71045 164.73894
114.33123 115 115 116.1745 118.06433 119.95416 121.18307 123.11317 125.0768 127.29125 129.14474 130.1656 131.13967 132.097 133.24883 134.40988 135.32568 136.20299 137.0803 137.95761 138.83483 139.70426 140.52334 141.36099 142.19865 143.03329 143.85481 144.66523 145 145 145 145 145 145 144.6764 144.68014 144.71618 145 145 145 145 145 145 145 145 145 145.70947 146.35414 146.84831 147.44456 147.96637 148.38775 149.04947 149.75317 151.71969 154.22459 157.24765 160.22504 161.52414 162.46538 163.34824
113.90031 115 115 116.48922 118.40575 120.04523 121.56488 123.17517 124.91542 126.60932 128.34616 130 130.89125 132.23794 133.58463 134.93133 135.14857 136.01779 136.91357 137.75121 138.53351 139.31581 140.09186 140.90242 141.69127 142.47062 143.27887 144.31071 145 145 145 145 145 144.268 143.70931 143.74644 143.86556 144.33663 144.59887 144.69624 144.84494 145 145 145 144.968 145 145.04186 145.36549 145.97078 146.5551 147.0476 147.59798 148.05131 148.72242 150.0824 153.09678 155.94355 158.70247 160.29063 160.96424 161.87018
113.4694 115 115 117.00624 119.17503 120.747 121.99313 123.54482 125.15057 126.885 128.62448 130.09811 132.03629 133.04327 134.23451 135 135.07521 135.86028 136.64535 137.43042 138.2155 139.00057 139.54345 140.11958 140.89893 141.7485 142.63243 143.57119 144.46413 145 145 144.71497 143.8596 143.00423 142.77222 142.81273 143.10411 143.59582 143.72375 143.9101 144.08919 144.35723 144.60447 144.54017 144.49012 144.57751 144.85182 145 145.10697 145.66563 146.14718 146.60069 146.69851 147.2527 148.67807 150.59843 154.28631 156.41562 157.57243 158.79589 159.94108
113.03848 115 115.97025 118.31897 120.27113 121.47671 122.68229 123.88787 125.08583 126.85892 128.50044 131.28292 133.06252 134.44804 135 135 135 135.65734 136.44242 137.22749 138.01256 138.65663 138.99516 139.53203 140.01124 140.88479 141.81913 142.71783 143.61644 144.20898 144.26047 143.39415 142.59583 141.74046 141.83512 141.90856 142.35325 142.74368 142.98003 143.15434 143.48895 143.86036 144.09271 144.06229 144.01223 144.06063 144.33495 144.60926 144.88357 145 145.15006 145.4507 145.28804 145.77124 146.92499 148.86738 151.51757 153.70098 154.47725 155.42944 156.60694
112.60756 115 117.11255 119.63169 121.00085 122.20642 123.27615 124.17404 125 126.73282 129.99543 132.54221 134.83884 135 135 135 135 135.45441 136.23948 137.02455 137.80962 137.97141 138.44687 138.94361 139.31158 140.064 141.0458 141.78403 142.35085 142.91767 142.69677 141.75493 141.08275 140.64992 140.89803 141.1213 141.64136 142.06068 142.2195 142.62066 143.12925 143.34859 143.58095 143.6094 143.53434 143.54376 143.81807 144.09238 144.36669 144.46492 144.59554 144.36404 144.07412 144.15073 144.99557 146.81471 148.64546 151.23157 152.36011 153.17246 153.90515
112.17665 114.71291 117.95331 120.51262 121.43453 122.36414 123.29375 124.22337 125 127.74895 131.27399 133.89666 135 135 135 135 135 135.25147 136.03654 136.82161 137.15642 137.35928 137.88034 138.24286 138.76796 139.90164 140 140.49271 141.05954 141.62636 141.14051 140.12333 139.75635 139.72094 139.96204 140.36005 140.89124 141.28466 141.75238 142.31495 142.60448 142.83683 143.06919 143.17137 143.05645 143.02688 143.30119 143.5755 143.80062 143.82808 143.9095 143.44767 143.04967 142.78316 143.44105 144.53798 146.05462 148.51739 150.22514 151.07457 151.75957
111.74573 114.35569 118.93986 120.22623 121.26802 122.30981 123.34308 124.27269 125.27153 129.2224 132.12567 134.86629 135 135 135 135 135 135.04853 135.83361 136.34143 136.4712 136.81099 137.20612 137.41148 138.22434 139.35802 140 140 140 140.33504 139.84836 139.16514 138.78328 138.81032 139.14909 139.73967 140.34981 140.88409 141.44666 141.86037 142.09272 142.32507 142.55743 142.73843 142.57856 142.52851 142.78432 143.05863 143.17746 143.19123 143.19202 142.81056 142.30041 141.55759 141.88653 142.98346 144.08039 145.53637 147.29475 148.73208 149.46536
111.31481 113.98645 118.4927 120 120.83275 121.87454 122.90305 124.24021 126.53016 130.10634 132.68688 135 135 135 135 135 135 135 135.52645 135.65622 135.78598 136.16939 136.37474 136.58009 137.68072 138.56424 139.56657 140 140 139.50552 138.87522 138.25518 137.81021 137.89971 138.35731 139.07219 140.01581 140.57838 141.12047 141.34861 141.58096 141.81331 142.04566 142.27802 142.12842 142.05062 142.26744 142.54175 142.55188 142.55439 142.47455 142.09309 141.55327 140.91418 140.33201 141.22189 142.01499 143.37747 144.88758 146.37045 146.78833
110.8839 113.73554 116.43462 118.44806 120.51271 121.94832 123.35154 124.69774 127.39701 130.29151 132.87385 135 135 135 135 135 135 134.92554 134.7065 134.94639 135.13265 135.33801 135.54336 136.00341 136.68186 137.00628 138.03643 138.47081 138.40881 138.04733 137.68117 137.1788 136.83715 137.0009 137.59827 138.40599 139.45791 140.27266 140.60449 140.83684 141.0692 141.30155 141.5339 141.76626 141.69118 141.57273 141.75056 141.93247 141.92631 141.91754 141.75707 141.37562 140.99416 140.23678 139.41031 139.61696 139.90477 140.59389 141.71688 142.8137 143.33303
110.0733 111.46967 114.96686 117.51356 119.47292 121.34314 123.17231 125.41132 127.70071 129.96968 132.10605 133.78003 134.57347 134.83412 134.94438 134.91823 134.55243 134.03513 133.43984 133.67973 133.80306 134.11906 134.48572 134.78372 135.10426 135.5568 136.3264 136.63038 136.7744 136.51788 136.21909 136.10001 135.86408 136.18317 136.79086 137.83434 138.88626 140 140.09273 140.32508 140.55744 140.78979 141.02214 141.2545 141.25825 141.09484 141.23369 141.31516 141.30073 141.2807 141.0396 140.65814 140.27668 139.22778 137.72434 137.46456 137.59156 137.84056 138.39722 138.63262 139.04759
109.41895 110.64684 113.64711 115.98937 117.97301 119.99576 122.89489 125.51276 127.45742 129.17346 130.73716 131.94899 132.4623 132.80105 132.96647 133.09467 133.23849 133.04534 132.48817 132.41307 132.4619 132.63459 133.00126 133.08214 133.41035 134.01415 134.6208 134.83315 135.06793 134.91761 134.80727 134.81444 134.92029 135.36539 136.21077 137.09543 138.44049 139.77708 140 140 140.04568 140.27803 140.51038 140.74273 140.82531 140.64745 140.71681 140.69475 140.67516 140.64385 140.32212 140 139.76764 137.63197 136.20926 135.28068 135.20941 135.11809 135.58103 135.61384 135.77248
108.68826 109.72462 112.25164 115.0325 117.08082 119.33326 122.23689 125.10682 126.60132 127.99869 129.16011 130.02325 130.35782 130.76798 130.98856 131.28539 131.60751 131.78849 131.50841 131.14641 131.12074 131.15013 131.34715 131.38056 131.66238 132.33733 133.12029 133.40815 133.69078 133.60457 133.62966 133.63218 133.86322 134.42246 135.30218 136.4182 137.7486 139.08492 140 140 140 140 140 140.23097 140.39238 140.2113 140.08703 140.06918 140.04958 140 139.89334 139.75647 138.12719 135.96705 134.40011 133.94875 134.31118 133.77345 133.91963 134.0136 133.41603
107.95758 109.10074 111.26696 114.05126 116.57263 118.95545 121.49872 123.61884 125.3701 126.64191 127.54315 128.20981 128.49306 128.85964 129.13709 129.5203 129.97658 130.36894 130.27711 129.96225 129.80048 129.82273 129.76993 129.75319 130.00966 130.67324 131.61979 132.03459 132.32623 132.29153 132.45205 132.47179 132.79235 133.48401 134.37104 135.21971 136.29873 137.90002 139.14318 139.55786 139.86112 140 140 140 139.81655 139.02369 138.35346 138.30041 138.21293 137.96933 137.89371 137.58204 136.63966 134.4698 132.53721 131.81351 131.93031 131.62798 131.58258 131.55323 131.35846
107.22689 108.54124 110.68115 113.38019 115.84597 118.0906 120.24198 121.93586 123.67422 125.0529 125.84021 126.39526 126.7126 127.02386 127.46198 127.86366 128.34999 128.67261 128.73712 128.55399 128.6389 128.69462 128.53864 128.50348 128.79301 129.22798 130.11929 130.66192 130.95967 131.037 131.26226 131.39166 131.78029 132.61487 133.25355 133.97602 134.9695 136.58978 137.65806 137.81137 138.00826 138.31276 138.68483 138.68161 138.05967 137.11906 136.44643 136.22937 136.07607 135.93515 135.88783 135.51848 134.69065 132.00867 130.3308 129.80359 129.45125 129.13061 128.98294 129.055 130
