PRACTICE_QGIS(데이터)/02.래스터/CTOUR_DEM.tif
NCOLS 235
NROWS 279
XLLCORNER 152631.95
YLLCORNER 73081.205
DX 9.9673957
DY 9.9760896
NODATA_VALUE -9999
[rows 54 to 80 of 279, columns 0 to 60 of 235]
-9999 217.28809 217.54491 217.9093 218.80538 219.25373 219.64204 219.90536 218.83991 216.7632 215.24722 215.66085 216.73591 217.83719 219.22756 220.26251 221.07199 221.82425 222.57651 223.32877 224.00862 224.39046 224.55735 224.82786 224.98279 225.76432 227.44463 229.39183 230.81572 230.81642 229.53256 226.98521 224.96643 223.73929 223.07466 222.78974 222.8691 223.34231 223.46848 222.79729 222.84276 224.09749 225.08393 225.72343 227.15187 229.02083 230.62331 231.80908 233.22478 234.73395 236.77763 238.86148 244.00852 245 245 242.3257 238.4824 234.41688 230.44149 229.24546 231.76703
-9999 215.82067 215.96677 216.10616 216.56458 217.04156 217.42263 217.36255 215.99522 214.7846 215 215 215.94874 217.1916 219.02321 220.09832 220.85058 221.60285 222.35511 223.09565 223.49137 223.68462 223.77988 223.99023 224.14515 224.6066 225.62816 227.4088 228.6377 229.06258 227.90105 225.69843 223.01646 221.31361 220.41569 219.99339 219.90945 220.14834 219.48424 219.12071 219.78573 221.29388 222.81847 223.49803 225.27348 227.15548 229.10978 230.58825 231.8027 233.83697 236.27989 239.30077 243.42169 245 244.3017 241.0682 237.76561 234.11815 229.74732 227.44406 229.42167
-9999 214.18921 214.14598 214.15373 214.51302 214.87851 215.1451 214.93379 213.71853 213.09255 213.32268 213.70706 214.83027 216.95086 219.53222 220 220.62918 221.38144 222.1337 222.59299 222.81539 222.91065 223.00591 223.15259 223.30752 223.85368 224.1531 225.28483 226.63105 227.22381 226.41634 224.29536 221.04433 219.17998 218.15226 217.4546 216.97396 217.05117 217.23167 217.2897 218.35408 219.21254 220.37889 221.42321 223.29075 225.12012 226.90521 228.6903 230.49781 232.67305 235.16209 239.01854 242.17986 243.49139 242.57935 240.05613 236.85937 233.00668 228.75555 225.76134 227.48872
-9999 212.46742 212.40443 212.46522 212.5882 212.36767 212.56979 212.29188 211.44468 211.4005 211.75869 212.57684 214.02627 216.38659 218.85895 220 220.40777 221.16004 221.69679 221.94616 222.04142 222.13668 222.23194 222.32739 222.51033 223.0224 222.9105 223.54248 224.65065 225.35078 224.72395 221.73244 218.81523 217.09432 215.95947 215.10549 214.41242 214.26381 214.7994 215.54781 216.30155 217.05529 218.28194 219.3511 221.12552 222.98591 224.77091 226.61219 228.84944 231.14622 234.05271 237.93215 240.81623 241.67493 241.08597 238.84476 235.64103 231.16343 226.93971 224.38992 224.99288
-9999 210.75211 210.67746 210.67274 210.45221 210.23167 210.01114 209.86004 209.86974 209.95336 210.43965 211.55654 213.30477 215.59078 217.67587 219.55158 220.18637 220.79782 221.07693 221.17219 221.26745 221.36271 221.45797 221.53375 221.75741 221.9975 221.69546 221.65882 222.39358 222.88241 222.34074 220.25845 217.15451 214.8565 213.82593 213.01553 212.34269 212.08575 212.4211 213.06168 213.96944 214.87719 215.76656 217.35015 219.00895 220.85242 222.64183 224.79481 227.20288 229.20461 232.25068 236.01382 238.5476 239.90242 239.22434 237.2239 234.04005 229.94282 225.7964 221.72221 221.30481
-9999 208.9994 208.89362 208.9686 208.81315 208.6577 208.87847 208.89935 208.97349 209.17361 209.52595 210 212.05236 214.6024 216.65422 218.19497 219.60663 220.2077 220.30296 220.39822 220.49348 220.58874 220.684 220.75333 220.8399 220.89667 220.50428 220 220 220.25851 219.95805 218.47083 215.57143 213.11482 211.74589 210.921 210.26945 209.93835 209.99341 210.46891 211.35767 212.41363 213.54562 215.05962 216.68076 218.76866 220.71269 223.18368 225.57235 227.52832 229.31344 232.09895 235.25514 236.31797 236.30703 235.14453 232.28862 228.53817 224.3198 220.17468 215.79446
-9999 207.19266 207.07305 207.45682 207.30756 207.34917 207.74714 207.99361 208.07873 208.43997 208.9814 209.53686 210.90126 213.44224 215.48126 216.71064 218.24737 220 220 220 220 220 220 220 220 219.92723 219.28476 218.65624 218.34985 217.88389 217.32663 216.43587 214.73301 211.51301 209.69526 208.64078 207.73891 207.05093 207.03461 207.56375 208.61841 210.03079 211.52151 213.10292 215.1509 216.71772 218.5904 220.9509 223.39498 225.61059 227.06746 228.51898 229.82119 231.63929 232.33297 231.59824 229.60735 226.58835 222.91362 219.1235 215
-9999 205.41023 205.28638 205.68562 205.81251 206.35752 206.83213 207.09736 207.37503 207.8814 208.49541 209.23527 209.97314 212.13571 213.79953 215.10605 216.8806 218.76025 220 220 220 220 220 220 220 219.15842 218.29277 217.42005 216.61918 215.89224 214.7029 213.92598 211.92355 209.37652 207.73623 206.41027 205.26871 204.48727 204.41339 204.6957 205.55031 206.91848 208.49013 210.22747 212.30649 214.09356 215.93521 218.28854 220.4973 222.52167 224.26519 225.46671 226.66099 227.8444 228.48642 228.39819 227.31454 224.85011 221.36892 217.54741 213.48725
-9999 204.352 203.81251 203.8215 204.51139 205.39108 205.96591 206.28803 206.7814 207.47252 208.1899 208.84133 209.42564 210.59008 212.03268 213.44044 214.98902 216.82105 218.48099 220 220 220 220 220 219.25525 218.38961 217.52396 216.65831 215.56292 214.32175 212.97391 211.62297 209.78033 207.98805 206.15633 204.34835 203.20965 202.60361 202.5608 202.75862 203.3384 204.20838 205.57233 207.46384 209.17991 211.03084 213.05575 215.3817 217.48022 219.44483 220.9735 222.08825 223.42099 224.60145 225.5757 225.67057 224.97086 222.71409 219.30941 215.75884 211.28798
-9999 203.86339 202.98521 202.19614 202.3459 203.59163 205.18034 205.70977 206.40092 207.07523 207.55164 208.02805 208.70134 209.39895 210.2762 211.72512 213.1444 214.72821 216.2987 217.71162 218.73593 219.34405 219.2245 219.00439 218.35293 217.66891 216.9849 216.1156 215.19111 213.76924 212.2108 210.64611 208.78613 206.99277 205.09367 202.7832 201.1177 200.71996 200.6745 200.82265 201.20504 202.03296 203.3415 204.7913 206.45028 208.08485 210.17034 212.16083 214.46634 216.21392 217.68181 218.79183 220.11597 221.38036 222.26262 222.45013 221.93764 220.3187 217.1634 213.30892 209.46496
-9999 203.47215 202.61017 201.61843 200.57977 200.98399 203.31241 205.30914 205.78555 206.26195 206.73836 207.23336 207.8509 208.31229 209.0016 209.79548 210.89176 212.22154 213.86663 215.39421 216.44171 217.26261 217.57354 217.54507 217.06521 216.3812 215.69718 215.01317 215 213.802 212.31025 210.75864 208.74379 206.28575 203.93674 201.43588 199.93424 198.96083 198.69774 198.6791 199.00316 199.84566 201.11755 202.55872 203.91085 205.14414 207.14954 209.08884 210.8997 212.84315 214.53027 215.92208 217.14421 218.21716 218.91618 218.98811 218.43157 217.00083 214.81501 210.40642 206.64289
-9999 203.10203 202.07107 201.3473 200.25164 200 201.76943 205 205 205.44867 205.92508 206.30838 206.692 207.16976 207.72022 208.39593 209.06626 209.7644 211.09585 212.69662 214.2669 215.40957 215.96824 216.07549 215.7775 215.09348 215 215 215 214.30593 212.74955 211.26583 209.63749 206.16792 202.82699 200.29299 198.33891 197.36599 196.68604 196.47788 196.75148 197.45276 198.77813 200.33029 201.69257 203.15149 204.76717 206.5284 208.08464 209.54388 211.19625 212.72362 214.01543 215.12658 215.69658 215.66844 214.58939 213.1688 210.69784 206.71012 203.62085
-9999 202.73191 201.5406 200.84585 200 200 201.06209 204.59654 205 205 205.03776 205.23051 205.49427 205.83679 206.34836 206.96953 207.69004 208.42982 209.25847 210.13893 211.78687 213.2475 214.16665 214.51826 214.88313 215 215 215 215 214.49423 212.98253 211.47083 210 205.68329 202.08459 199.2044 196.83311 195.77115 195.0011 194.58852 194.54484 194.9587 196.68716 198.1108 199.5888 201.01854 202.5157 204.01923 205.48334 206.81325 208.14003 209.44229 210.6895 211.6639 212.03666 212.03666 211.3361 209.91297 206.80752 203.31474 201.3196
-9999 202.3618 201.12043 200.30144 200 200 200.86601 203.47177 204.55466 204.47864 204.35354 204.38941 204.53865 204.71258 204.94694 205.55711 206.34773 207.2548 208.15801 208.95976 209.82215 211.08721 212.14544 212.72185 213.03702 213.92931 214.67159 214.91553 214.81838 213.7195 212.34914 210.97139 208.86715 204.13596 200.73854 197.09114 194.96719 194.30011 193.87866 193.01679 192.82762 193.48383 194.52767 195.73803 197.22538 198.72756 200.00354 201.54828 202.8429 203.89987 205.07904 206.40582 207.48707 208.22636 208.61203 208.67802 208.07823 205.96661 202.81677 200 200
-9999 201.99168 200.71062 200 200 200 200.80517 202.40694 203.42377 203.75862 203.59719 203.63417 203.77788 203.96243 204.2296 204.62211 205.25113 206.18684 207.04206 207.90448 208.73477 209.48285 210.17434 210.91048 211.15408 212.27033 213.2079 213.54721 213.44318 212.52506 211.18495 209.55429 205.75881 202.50422 199.151 195.6069 193.36908 192.40425 191.9617 191.44506 191.1104 191.72615 192.65861 193.8873 194.92667 196.38612 197.72326 199.20817 200.31789 201.27762 202.37081 203.54709 204.3654 204.97412 205.57283 205.74883 205.14041 202.5653 199.56804 198.93724 199.06573
-9999 201.62157 200.3405 200 200 200 200.25921 201.27605 202.29288 203.03861 202.84083 202.87893 203.01332 203.22072 203.54302 204.02354 204.54489 205.11888 205.98682 206.85466 207.7904 208.40305 209.10094 209.58098 210 211.13127 211.85466 212.27617 212.11508 211.43853 210.0907 206.87785 203.8276 201.06442 197.79431 194.58948 192.16431 190.57765 190.00805 189.73369 189.58716 189.85282 190.95175 192.27698 193.31635 194.25636 195.48848 196.83315 197.79288 198.75261 199.72479 200.83863 201.68007 202.35621 202.92348 203.20657 202.58764 199.88768 197.62947 196.71192 198.06126
-9999 201.25145 200 200 200 200 200 200.14516 201.16199 202.17883 202.08447 202.12427 202.2549 202.49125 202.90715 203.4285 203.94074 204.41757 204.96349 205.88554 206.7106 207.57011 208.15934 208.6902 209.3813 209.87507 210.56052 211.10365 210.78697 210.11042 208.50071 204.84435 202.42618 199.81538 196.42667 193.4341 190.66489 189.50526 188.80425 188.58894 188.42272 188.74129 189.48854 190.70331 191.43746 192.37798 193.50217 194.51158 195.52415 196.5705 197.58201 198.55241 199.239 199.788 200.38971 200.78108 200.0936 198.04181 195.7979 195.28245 196.82003
-9999 200.88133 200 200 200 200 200 200 200.03111 201.04794 201.32811 201.37149 201.5013 201.81413 202.31211 202.79233 203.2177 203.76232 204.36113 205.06803 206.03928 206.73771 207.42052 208.1868 208.8115 208.9671 209.38964 209.93113 210 210 207.26685 203.6804 201.36451 198.56377 195.22661 192.53126 189.88418 188.4853 187.60349 187.44419 187.25827 187.43045 188.16214 189.09739 190 190.49706 191.65333 192.53998 193.51389 194.46199 195.43634 196.3754 197.11827 197.66726 198.53401 198.59878 198.38294 197.35876 195.45336 195 195.32013
-9999 200.51122 200 200 200 200 200 200 200 200 200.57268 200.60949 200.75874 201.19572 201.64391 202.06278 202.5612 203.1701 203.88063 204.63404 205.44446 206.2248 206.9923 207.71117 207.92284 208.06388 208.31293 208.75724 209.08848 208.4745 206.32516 202.33945 199.42944 197.32131 194.40979 191.70404 189.33443 187.50025 186.47793 186.2727 186.10364 186.06901 186.5217 187.36218 188.45439 189.45568 190 190.55211 191.49433 192.45101 193.49314 194.34745 194.97858 195.89633 196.67671 196.52935 196.37785 195.85101 194.28025 191.42856 193.18612
-9999 200.1411 200 199.90715 198.75634 199.47961 199.88263 199.82126 199.7507 199.68014 199.67211 199.98638 200.07663 200.49549 200.91436 201.36114 201.98381 202.71971 203.51452 204.35451 205.0303 205.79779 206.56529 206.87858 207.01962 207.16065 207.23621 207.57707 207.61432 207.01789 205.43753 201.90907 198.46692 195.99978 193.43621 190.74521 188.55801 186.65145 185.2912 185.05728 184.95383 184.74833 185 185.70444 186.9213 187.89751 188.12745 188.61853 189.52528 190.53746 191.63513 192.78037 193.44416 194.59326 194.69501 194.54178 194.18369 193.76353 191.81404 190 190.49163
-9999 199.49325 198.12541 196.97459 197.21168 198.06528 198.14403 198.18325 198.11269 198.04213 198.28534 198.97665 199.69016 200 200.18482 200.80827 201.57381 202.43133 203.29938 204.16086 205 205.37078 205.83431 205.97535 206.11639 206.25743 206.1595 206.20778 206.10699 205.53915 203.87733 200.79111 197.88675 195.11281 192.40125 189.8114 187.87634 185.85063 184.69776 183.99684 183.71074 183.57663 183.90238 184.54312 185.62897 186.10968 186.24289 186.75939 187.55293 188.63729 189.97054 191.16884 192.12129 192.60421 192.65423 192.49331 191.80497 191.15185 190 190 190
-9999 199.86165 195 195 195.98826 196.51469 196.40543 196.42895 196.47469 196.70947 197.25339 197.96691 198.69693 199.47718 200 200.44592 201.26722 202.07282 202.90188 203.76422 204.60034 205 205 205.07213 205.21317 205.35421 205.02739 204.74581 204.48108 203.78049 202.10987 199.50438 196.72796 194.21874 191.37736 189.07269 187.19918 185.2539 183.35138 182.65046 182.46765 182.41951 182.80339 183.64206 184.39512 184.57891 184.64257 184.90433 185.57428 186.71627 188.11048 189.56368 190.43947 190.42959 190.66554 190.36154 189.71267 189.35253 188.98193 189.04453 189.10712
-9999 199.81235 195 195 195 194.68209 194.47683 194.54148 194.93497 195.53251 196.24366 197.08865 197.98488 198.60574 199.2266 199.96915 200.79409 201.66153 202.53894 203.37183 204.20472 205 205 205 205 204.59002 203.65293 203.14654 202.7747 202.04768 200.52201 198.03065 195.22753 192.70587 190.18436 188.29013 186.45956 184.51876 182.55224 181.30408 181.20279 181.27 181.70609 182.48182 183.08371 183.45851 183.60389 183.88902 184.28634 184.89323 186.22973 187.68361 188.58208 188.51532 188.67406 188.36335 187.93257 188.05935 187.76751 187.83011 188.00316
-9999 200 195.8508 195 193.3601 191.86133 191.90212 192.49617 193.41202 194.40757 195.49017 196.4877 197.11343 197.87898 198.70011 199.56657 200.44968 201.31043 202.0787 202.73836 203.37256 203.84316 204.66961 204.92293 204.35783 203.34413 202.25496 201.62123 201.12706 200.28903 198.66256 196.22768 193.80003 191.4096 189.31886 187.66074 185.8619 183.77919 181.44114 180 180 180.12321 180.52874 181.34014 181.99966 182.33438 182.58298 182.87792 183.23891 183.82389 184.62897 186.07689 186.61442 186.41923 186.69074 186.36006 186.41211 186.62086 186.55309 186.61569 187.45455
-9999 200 197.01527 194.76414 191.89139 190 190 191.08108 192.03855 193.38533 194.86654 195.78434 196.62681 197.50069 198.37593 199.25593 200 200.46845 201.12811 201.78607 202.0681 202.22365 202.83464 203.07338 202.91338 201.95687 200.96777 200.22874 199.30942 198.17642 196.53739 194.46597 192.4079 190.1742 188.65891 187.14307 185.39866 183.32329 181.20341 180 180 180 180 180.18331 180.91054 181.28717 181.56679 181.84007 182.05247 182.67836 183.43266 184.26622 184.8921 184.93085 184.7036 185 185 185.18237 185.38169 185.99407 186.77655
-9999 199.36694 197.87211 196.03941 192.75499 190 190 190 190.9296 192.40796 194.10802 195.45051 196.33849 197.21953 198.04905 198.76266 199.40565 199.98584 200.17751 200.41432 200.54881 200.35678 200.92131 201.24728 201.31484 200.57959 199.41848 198.38362 197.45899 196.15316 194.68721 193.24129 191.29172 189.45877 188.09472 186.59182 185.05022 183.1948 181.31488 180 180 180 180 180 180 180.26738 180.53326 180.76616 180.93545 181.15863 181.76537 182.76763 183.01048 183.21851 183.95343 184.35265 184.67518 185 185 185 185.56296
-9999 197.50145 196.81602 195.55052 193.56465 190.91399 190 190 190 191.31484 193.32962 195.20836 196.04201 196.68499 197.32798 197.97096 198.50436 198.49481 198.61749 198.75061 198.77164 198.95813 199.0159 199.39429 199.52946 199.01414 197.7379 196.5188 195.52846 194.62913 193.44837 192.05217 190.4392 188.97091 187.63477 186.30561 185.00521 183.26353 181.45965 180 180 180 180 180 179.68323 179.54356 179.67433 179.95083 180 180 180.23823 181.0901 181.73342 182.46834 183.20326 183.62708 183.94961 184.16568 184.38648 184.60228 184.60785
